ID: F
Metadata: (strobe,) start of orbit, start of packet, end of packet, valid

      Link              087                     110                     111        
Frame 0000    0001 00000000ccccff00  00001 0000000000000000  00001 0000000000000000
Frame 0001    0001 00000000ccccff00  00001 0000000000000000  00001 0000000000000000
Frame 0002    0001 0000000000000000  00001 0000000000000000  00001 0000000000000000
Frame 0003    0001 0000000001800010  00001 0000000000000000  00001 0000000000000000
Frame 0004    0001 0000000001800018  00001 0000000000000000  00001 0000000000000000
Frame 0005    0001 000000001fffa7fe  00000 0000000000000000  00000 0000000000000000
Frame 0006    0000 000000001fffa7fe  01101 0000000000000000  01101 0000000000000000
Frame 0007    0101 00000000ccccff00  00001 0000000000000000  00001 0000000000000000
Frame 0008    0001 00000000ccccff00  00001 0000000000000000  00001 0000000000000000
Frame 0009    0001 00000000ccccff00  00001 0000000000000000  00001 0000000000000000
Frame 0010    0001 0000000000000000  00001 0000000000000000  00001 0000000000000000
Frame 0011    0001 0000000001000490  00001 0000000000000000  00001 0000000000000000
Frame 0012    0001 0000000001800018  00001 0000000000000000  00001 0000000000000000
Frame 0013    0001 0000000035ffe3fe  00000 0000000000000000  00000 0000000000000000
Frame 0014    0000 0000000035ffe3fe  01101 0000000000000000  01101 0000000000000000
Frame 0015    0101 00000000ccccff08  00001 0000000000000000  00001 0000000000000000
Frame 0016    0001 00000000ccccff08  00001 0000000000000000  00001 0000000000000000
Frame 0017    0001 00000000ccccff08  00001 0000000000000000  00001 0000000000000000
Frame 0018    0001 0000000000000000  00001 0000000000000000  00001 0000000000000000
Frame 0019    0001 0000000000000012  00001 0000000000000000  00001 0000000000000000
Frame 0020    0001 0000000001800018  00001 0000000000000000  00001 0000000000000000
Frame 0021    0001 000000005fffe3be  00000 0000000000000000  00000 0000000000000000
Frame 0022    0000 000000005fffe3be  01101 0000000000000000  01101 0000000000000000
Frame 0023    0101 00000000ccccff08  00001 0000000000000000  00001 0000000000000000
Frame 0024    0001 00000000ccccff08  00001 0000000000000000  00001 0000000000000000
Frame 0025    0001 00000000ccccff08  00001 0000000000000000  00001 0000000000000000
Frame 0026    0001 0000000000000000  00001 0000000000000000  00001 0000000000000000
Frame 0027    0001 0000000001000010  00001 0000000000000000  00001 0000000000000000
Frame 0028    0001 0000000001800018  00001 0000000000000000  00001 0000000000000000
Frame 0029    0001 000000007fff27fe  00000 0000000000000000  00000 0000000000000000
Frame 0030    0000 000000007fff27fe  01101 0000000000000000  01101 0000000000000000
Frame 0031    0101 00000000ccccff08  00001 0000000000000000  00001 0000000000000000
Frame 0032    0001 00000000ccccff08  00001 0000000000000000  00001 0000000000000000
Frame 0033    0001 00000000ccccff08  00001 0000000000000000  00001 0000000000000000
Frame 0034    0001 0000000000000000  00001 0000000000000000  00001 0000000000000000
Frame 0035    0001 0000000000002410  00001 0000000000000000  00001 0000000000000000
Frame 0036    0001 0000000001800018  00001 0000000000000000  00001 0000000000000000
Frame 0037    0001 000000004bffa45e  00000 0000000000000000  00000 0000000000000000
Frame 0038    0000 000000004bffa45e  01101 0000000000000000  01101 0000000000000000
Frame 0039    0101 00000000ccccff08  00001 0000000000000000  00001 0000000000000000
Frame 0040    0001 00000000ccccff08  00001 0000000000000000  00001 0000000000000000
Frame 0041    0001 00000000ccccff08  00001 0000000000000000  00001 0000000000000000
Frame 0042    0001 0000000000000000  00001 0000000000000000  00001 0000000000000000
Frame 0043    0001 0000000021004010  00001 0000000000000000  00001 0000000000000000
Frame 0044    0001 0000000001800018  00001 0000000000000000  00001 0000000000000000
Frame 0045    0001 0000000079ffa1fe  00000 0000000000000000  00000 0000000000000000
Frame 0046    0000 0000000079ffa1fe  01101 0000000000000000  01101 0000000000000000
Frame 0047    0101 00000000ccccff08  00001 0000000000000000  00001 0000000000000000
Frame 0048    0001 00000000ccccff08  00001 0000000000000000  00001 0000000000000000
Frame 0049    0001 00000000ccccff08  00001 0000000000000000  00001 0000000000000000
Frame 0050    0001 0000000000000000  00001 0000000000000000  00001 0000000000000000
Frame 0051    0001 0000000001000412  00001 0000000000000000  00001 0000000000000000
Frame 0052    0001 000000000180001c  00001 0000000000000000  00001 0000000000000000
Frame 0053    0001 000000003fffa3fc  00000 0000000000000000  00000 0000000000000000
Frame 0054    0000 000000003fffa3fc  01101 0000000000000000  01101 0000000000000000
Frame 0055    0101 00000000ccccff08  00001 0000000000000000  00001 0000000000000000
Frame 0056    0001 00000000ccccff08  00001 0000000000000000  00001 0000000000000000
Frame 0057    0001 00000000ccccff08  00001 0000000000000000  00001 0000000000000000
Frame 0058    0001 0000000000000000  00001 0000000000000000  00001 0000000000000000
Frame 0059    0001 0000000001000018  00001 0000000000000000  00001 0000000000000000
Frame 0060    0001 0000000001c00018  00001 0000000000000000  00001 0000000000000000
Frame 0061    0001 000000002fffe0fc  00000 0000000000000000  00000 0000000000000000
Frame 0062    0000 000000002fffe0fc  01101 0000000000000000  01101 0000000000000000
Frame 0063    0101 00000000ccccff08  00001 0000000000000000  00001 0000000000000000
Frame 0064    0001 00000000ccccff08  00001 0000000000000000  00001 0000000000000000
Frame 0065    0001 00000000ccccff08  00001 0000000000000000  00001 0000000000000000
Frame 0066    0001 0000000000000000  00001 0000000000000000  00001 0000000000000000
Frame 0067    0001 0000000000004010  00001 0000000000000000  00001 0000000000000000
Frame 0068    0001 0000000001800018  00001 0000000000000000  00001 0000000000000000
Frame 0069    0001 0000000011fe8678  00000 0000000000000000  00000 0000000000000000
Frame 0070    0000 0000000011fe8678  01101 0000000000000000  01101 0000000000000000
Frame 0071    0101 00000000ccccff08  00001 0000000000000000  00001 0000000000000000
Frame 0072    0001 00000000ccccff08  00001 0000000000000000  00001 0000000000000000
Frame 0073    0001 00000000ccccff08  00001 0000000000000000  00001 0000000000000000
Frame 0074    0001 0000000000000000  00001 0000000000000000  00001 0000000000000000
Frame 0075    0001 0000000001002010  00001 0000000000000000  00001 0000000000000000
Frame 0076    0001 0000000001800018  00001 0000000000000000  00001 0000000000000000
Frame 0077    0001 0000000039ffe7fe  00000 0000000000000000  00000 0000000000000000
Frame 0078    0000 0000000039ffe7fe  01101 0000000000000000  01101 0000000000000000
Frame 0079    0101 00000000aa297ab9  00001 0000000000000000  00001 0000000000000000
Frame 0080    0001 00000000aa0cf297  00001 0000000000000000  00001 0000000000000000
Frame 0081    0001 0000000003233c97  00001 0000000000000000  00001 0000000000000000
Frame 0082    0001 0000000000000000  00001 0000000000000000  00001 0000000000000000
Frame 0083    0001 0000000011400410  00001 0000000000000000  00001 0000000000000000
Frame 0084    0001 0000000001800018  00001 0000000000000000  00001 0000000000000000
Frame 0085    0001 000000001fffe5fe  00000 0000000000000000  00000 0000000000000000
Frame 0086    0000 000000001fffe5fe  01101 0000000000000000  01101 0000000000000000
Frame 0087    0101 00000000032314d7  00001 0000000000000000  00001 0000000000000000
Frame 0088    0001 00000000a22c89f0  00001 0000000000000000  00001 0000000000000000
Frame 0089    0001 00000000a21f84f0  00001 0000000000000000  00001 0000000000000000
Frame 0090    0001 0000000000000000  00001 0000000000000000  00001 0000000000000000
Frame 0091    0001 0000000001080010  00001 0000000000000000  00001 0000000000000000
Frame 0092    0001 0000000001800018  00001 0000000000000000  00001 0000000000000000
Frame 0093    0001 000000007fffe3fe  00000 0000000000000000  00000 0000000000000000
Frame 0094    0000 000000007fffe3fe  01101 0000000000000000  01101 0000000000000000
Frame 0095    0101 00000000a22487b0  00001 0000000000000000  00001 0000000000000000
Frame 0096    0001 00000000a22687d0  00001 0000000000000000  00001 0000000000000000
Frame 0097    0001 00000000a2378ef0  00001 0000000000000000  00001 0000000000000000
Frame 0098    0001 0000000000000000  00001 0000000000000000  00001 0000000000000000
Frame 0099    0001 0000000001100618  00001 0000000000000000  00001 0000000000000000
Frame 0100    0001 0000000001800018  00001 0000000000000000  00001 0000000000000000
Frame 0101    0001 000000003fffe7fe  00000 0000000000000000  00000 0000000000000000
Frame 0102    0000 000000003fffe7fe  01101 0000000000000000  01101 0000000000000000
Frame 0103    0101 00000000a22e8b70  00001 0000000000000000  00001 0000000000000000
Frame 0104    0001 00000000e02f093f  00001 0000000000000000  00001 0000000000000000
Frame 0105    0001 00000000ffffffff  00001 0000000000000000  00001 0000000000000000
Frame 0106    0001 0000000000000000  00001 0000000000000000  00001 0000000000000000
Frame 0107    0001 0000000001000010  00001 0000000000000000  00001 0000000000000000
Frame 0108    0001 0000000001800018  00001 0000000000000000  00001 0000000000000000
Frame 0109    0001 000000004fffe77e  00000 0000000000000000  00000 0000000000000000
Frame 0110    0000 000000004fffe77e  01101 0000000000000000  01101 0000000000000000
Frame 0111    0101 00000000a2288bd0  00001 0000000000000000  00001 0000000000000000
Frame 0112    0001 0000000002606c00  00001 0000000000000000  00001 0000000000000000
Frame 0113    0001 0000000011643c00  00001 0000000000000000  00001 0000000000000000
Frame 0114    0001 0000000000000000  00001 0000000000000000  00001 0000000000000000
Frame 0115    0001 0000000001000412  00001 0000000000000000  00001 0000000000000000
Frame 0116    0001 0000000001800018  00001 0000000000000000  00001 0000000000000000
Frame 0117    0001 000000007ffec7fe  00000 0000000000000000  00000 0000000000000000
Frame 0118    0000 000000007ffec7fe  01101 0000000000000000  01101 0000000000000000
Frame 0119    0101 00000000e02d8dff  00001 0000000000000000  00001 0000000000000000
Frame 0120    0001 000000000b52dc00  00001 0000000000000000  00001 0000000000000000
Frame 0121    0001 000000000450fc00  00001 0000000000000000  00001 0000000000000000
Frame 0122    0001 0000000000000000  00001 0000000000000000  00001 0000000000000000
Frame 0123    0001 0000000001000010  00001 0000000000000000  00001 0000000000000000
Frame 0124    0001 0000000001800018  00001 0000000000000000  00001 0000000000000000
Frame 0125    0001 000000007fffe4fe  00000 0000000000000000  00000 0000000000000000
Frame 0126    0000 000000007fffe4fe  01101 0000000000000000  01101 0000000000000000
Frame 0127    0101 00000000ffffffff  00001 0000000000000000  00001 0000000000000000
Frame 0128    0001 0000000009224c00  00001 0000000000000000  00001 0000000000000000
Frame 0129    0001 0000000006e1bc00  00001 0000000000000000  00001 0000000000000000
Frame 0130    0001 0000000000000000  00001 0000000000000000  00001 0000000000000000
Frame 0131    0001 0000000001000410  00001 0000000000000000  00001 0000000000000000
Frame 0132    0001 0000000001800018  00001 0000000000000000  00001 0000000000000000
Frame 0133    0001 000000007fffe7fe  00000 0000000000000000  00000 0000000000000000
Frame 0134    0000 000000007fffe7fe  01101 0000000000000000  01101 0000000000000000
Frame 0135    0101 000000000350bc00  00001 0000000000000000  00001 0000000000000000
Frame 0136    0001 0000000004e11000  00001 0000000000000000  00001 0000000000000000
Frame 0137    0001 000000000711d400  00001 0000000000000000  00001 0000000000000000
Frame 0138    0001 0000000000000000  00001 0000000000000000  00001 0000000000000000
Frame 0139    0001 0000000001000218  00001 0000000000000000  00001 0000000000000000
Frame 0140    0001 0000000001800018  00001 0000000000000000  00001 0000000000000000
Frame 0141    0001 000000007fdde1be  00000 0000000000000000  00000 0000000000000000
Frame 0142    0000 000000007fdde1be  01101 0000000000000000  01101 0000000000000000
Frame 0143    0101 0000000003e0dc00  00001 0000000000000000  00001 0000000000000000
Frame 0144    0001 000000001284a000  00001 0000000000000000  00001 0000000000000000
Frame 0145    0001 000000000671a800  00001 0000000000000000  00001 0000000000000000
Frame 0146    0001 0000000000000000  00001 0000000000000000  00001 0000000000000000
Frame 0147    0001 0000000001800400  00001 0000000000000000  00001 0000000000000000
Frame 0148    0001 0000000001800018  00001 0000000000000000  00001 0000000000000000
Frame 0149    0001 000000007ffbe6fe  00000 0000000000000000  00000 0000000000000000
Frame 0150    0000 000000007ffbe6fe  01101 0000000000000000  01101 0000000000000000
Frame 0151    0101 0000000006616800  00001 0000000000000000  00001 0000000000000000
Frame 0152    0001 000000000ff3fc00  00001 0000000000000000  00001 0000000000000000
Frame 0153    0001 0000000005816800  00001 0000000000000000  00001 0000000000000000
Frame 0154    0001 0000000000000000  00001 0000000000000000  00001 0000000000000000
Frame 0155    0001 0000000001000418  00001 0000000000000000  00001 0000000000000000
Frame 0156    0001 0000000001800018  00001 0000000000000000  00001 0000000000000000
Frame 0157    0001 000000007fffe3fe  00000 0000000000000000  00000 0000000000000000
Frame 0158    0000 000000007fffe3fe  01101 0000000000000000  01101 0000000000000000
Frame 0159    0101 0000000005915c00  00001 0000000000000000  00001 0000000000000000
Frame 0160    0001 000000000b22b800  00001 0000000000000000  00001 0000000000000000
Frame 0161    0001 0000000005516400  00001 0000000000000000  00001 0000000000000000
Frame 0162    0001 0000000000000000  00001 0000000000000000  00001 0000000000000000
Frame 0163    0001 0000000001200018  00001 0000000000000000  00001 0000000000000000
Frame 0164    0001 0000000001800018  00001 0000000000000000  00001 0000000000000000
Frame 0165    0001 000000007fff67fe  00000 0000000000000000  00000 0000000000000000
Frame 0166    0000 000000007fff67fe  01101 0000000000000000  01101 0000000000000000
Frame 0167    0101 0000000005e16400  00001 0000000000000000  00001 0000000000000000
Frame 0168    0001 0000000005517800  00001 0000000000000000  00001 0000000000000000
Frame 0169    0001 0000000005f19800  00001 0000000000000000  00001 0000000000000000
Frame 0170    0001 0000000000000000  00001 0000000000000000  00001 0000000000000000
Frame 0171    0001 0000000001000018  00001 0000000000000000  00001 0000000000000000
Frame 0172    0001 0000000001800018  00001 0000000000000000  00001 0000000000000000
Frame 0173    0001 000000003bfe67fe  00000 0000000000000000  00000 0000000000000000
Frame 0174    0000 000000003bfe67fe  01101 0000000000000000  01101 0000000000000000
Frame 0175    0101 0000000000000000  00001 0000000000000000  00001 0000000000000000
Frame 0176    0001 0000000008b1fc00  00001 0000000000000000  00001 0000000000000000
Frame 0177    0001 0000000009927400  00001 0000000000000000  00001 0000000000000000
Frame 0178    0001 0000000000000000  00001 0000000000000000  00001 0000000000000000
Frame 0179    0001 000000000100001a  00001 0000000000000000  00001 0000000000000000
Frame 0180    0001 0000000001800018  00001 0000000000000000  00001 0000000000000000
Frame 0181    0001 000000004fffe3fe  00000 0000000000000000  00000 0000000000000000
Frame 0182    0000 000000004fffe3fe  01101 0000000000000000  01101 0000000000000000
Frame 0183    0101 0000000000000000  00001 0000000000000000  00001 0000000000000000
Frame 0184    0001 000000000ee3ac00  00001 0000000000000000  00001 0000000000000000
Frame 0185    0001 000000002d9b4c00  00001 0000000000000000  00001 0000000000000000
Frame 0186    0001 0000000000000000  00001 0000000000000000  00001 0000000000000000
Frame 0187    0001 0000000001800008  00001 0000000000000000  00001 0000000000000000
Frame 0188    0001 0000000001800018  00001 0000000000000000  00001 0000000000000000
Frame 0189    0001 000000001fffe7fe  00000 0000000000000000  00000 0000000000000000
Frame 0190    0000 000000001fffe7fe  01101 0000000000000000  01101 0000000000000000
Frame 0191    0101 0000000008a1f400  00001 0000000000000000  00001 0000000000000000
Frame 0192    0001 000000003ffffc00  00001 0000000000000000  00001 0000000000000000
Frame 0193    0001 000000000761e400  00001 0000000000000000  00001 0000000000000000
Frame 0194    0001 0000000000000000  00001 0000000000000000  00001 0000000000000000
Frame 0195    0001 0000000001000010  00001 0000000000000000  00001 0000000000000000
Frame 0196    0001 0000000001800018  00001 0000000000000000  00001 0000000000000000
Frame 0197    0001 000000003bffe7fe  00000 0000000000000000  00000 0000000000000000
Frame 0198    0000 000000003bffe7fe  01101 0000000000000000  01101 0000000000000000
Frame 0199    0101 0000000000000000  00001 0000000000000000  00001 0000000000000000
Frame 0200    0001 000000003ffffc00  00001 0000000000000000  00001 0000000000000000
Frame 0201    0001 0000000007c1fc00  00001 0000000000000000  00001 0000000000000000
Frame 0202    0001 0000000000000000  00001 0000000000000000  00001 0000000000000000
Frame 0203    0001 0000000001000090  00001 0000000000000000  00001 0000000000000000
Frame 0204    0001 0000000001800018  00001 0000000000000000  00001 0000000000000000
Frame 0205    0001 000000007fffe7fe  00000 0000000000000000  00000 0000000000000000
Frame 0206    0000 000000007fffe7fe  01101 0000000000000000  01101 0000000000000000
Frame 0207    0101 0000000000000000  00001 0000000000000000  00001 0000000000000000
Frame 0208    0001 000000001785e400  00001 0000000000000000  00001 0000000000000000
Frame 0209    0001 0000000008920800  00001 0000000000000000  00001 0000000000000000
Frame 0210    0001 0000000000000000  00001 0000000000000000  00001 0000000000000000
Frame 0211    0001 0000000001000010  00001 0000000000000000  00001 0000000000000000
Frame 0212    0001 0000000001800018  00001 0000000000000000  00001 0000000000000000
Frame 0213    0001 000000005ffde77e  00000 0000000000000000  00000 0000000000000000
Frame 0214    0000 000000005ffde77e  01101 0000000000000000  01101 0000000000000000
Frame 0215    0101 0000000006317c00  00001 0000000000000000  00001 0000000000000000
Frame 0216    0001 000000000771c400  00001 0000000000000000  00001 0000000000000000
Frame 0217    0001 000000003ffffc00  00001 0000000000000000  00001 0000000000000000
Frame 0218    0001 0000000000000000  00001 0000000000000000  00001 0000000000000000
Frame 0219    0001 000000000100041c  00001 0000000000000000  00001 0000000000000000
Frame 0220    0001 0000000001800018  00001 0000000000000000  00001 0000000000000000
Frame 0221    0001 000000000fffe7fe  00000 0000000000000000  00000 0000000000000000
Frame 0222    0000 000000000fffe7fe  01101 0000000000000000  01101 0000000000000000
Frame 0223    0101 0000000000000000  00001 0000000000000000  00001 0000000000000000
Frame 0224    0001 000000003ffffc00  00001 0000000000000000  00001 0000000000000000
Frame 0225    0001 000000000651a400  00001 0000000000000000  00001 0000000000000000
Frame 0226    0001 0000000000000000  00001 0000000000000000  00001 0000000000000000
Frame 0227    0001 0000000001000010  00001 0000000000000000  00001 0000000000000000
Frame 0228    0001 0000000001800018  00001 0000000000000000  00001 0000000000000000
Frame 0229    0001 000000007ffee7fe  00000 0000000000000000  00000 0000000000000000
Frame 0230    0000 000000007ffee7fe  01101 0000000000000000  01101 0000000000000000
Frame 0231    0101 0000000000000000  00001 0000000000000000  00001 0000000000000000
Frame 0232    0001 0000000007f1f400  00001 0000000000000000  00001 0000000000000000
Frame 0233    0001 0000000033dcc400  00001 0000000000000000  00001 0000000000000000
Frame 0234    0001 0000000000000000  00001 0000000000000000  00001 0000000000000000
Frame 0235    0001 0000000001000010  00001 0000000000000000  00001 0000000000000000
Frame 0236    0001 0000000001c00018  00001 0000000000000000  00001 0000000000000000
Frame 0237    0001 000000007fffe7fe  00000 0000000000000000  00000 0000000000000000
Frame 0238    0000 000000007fffe7fe  01101 0000000000000000  01101 0000000000000000
Frame 0239    0101 0000000006d1a400  00001 0000000000000000  00001 0000000000000000
Frame 0240    0001 000000003ffffc00  00001 0000000000000000  00001 0000000000000000
Frame 0241    0001 0000000004e14c00  00001 0000000000000000  00001 0000000000000000
Frame 0242    0001 0000000000000000  00001 0000000000000000  00001 0000000000000000
Frame 0243    0001 0000000001000410  00001 0000000000000000  00001 0000000000000000
Frame 0244    0001 0000000001800018  00001 0000000000000000  00001 0000000000000000
Frame 0245    0001 000000000fff67fe  00000 0000000000000000  00000 0000000000000000
Frame 0246    0000 000000000fff67fe  01101 0000000000000000  01101 0000000000000000
Frame 0247    0101 0000000006518c00  00001 0000000000000000  00001 0000000000000000
Frame 0248    0001 000000003ffffc00  00001 0000000000000000  00001 0000000000000000
Frame 0249    0001 000000002bfb1800  00001 0000000000000000  00001 0000000000000000
Frame 0250    0001 0000000000000000  00001 0000000000000000  00001 0000000000000000
Frame 0251    0001 0000000001000010  00001 0000000000000000  00001 0000000000000000
Frame 0252    0001 000000000180001c  00001 0000000000000000  00001 0000000000000000
Frame 0253    0001 000000003fffe1fe  00000 0000000000000000  00000 0000000000000000
Frame 0254    0000 000000003fffe1fe  01101 0000000000000000  01101 0000000000000000
Frame 0255    0101 0000000001a03c00  00001 0000000000000000  00001 0000000000000000
Frame 0256    0001 000000003ffffc00  00001 0000000000000000  00001 0000000000000000
Frame 0257    0001 00000000a22304f0  00001 0000000000000000  00001 0000000000000000
Frame 0258    0001 0000000000000000  00001 0000000000000000  00001 0000000000000000
Frame 0259    0001 0000000001000410  00001 0000000000000000  00001 0000000000000000
Frame 0260    0001 0000000001c00018  00001 0000000000000000  00001 0000000000000000
Frame 0261    0001 000000005fffe3fe  00000 0000000000000000  00000 0000000000000000
Frame 0262    0000 000000005fffe3fe  01101 0000000000000000  01101 0000000000000000
Frame 0263    0101 000000000621a000  00001 0000000000000000  00001 0000000000000000
Frame 0264    0001 00000000a22387b0  00001 0000000000000000  00001 0000000000000000
Frame 0265    0001 00000000a2388a50  00001 0000000000000000  00001 0000000000000000
Frame 0266    0001 0000000000000000  00001 0000000000000000  00001 0000000000000000
Frame 0267    0001 0000000001000410  00001 0000000000000000  00001 0000000000000000
Frame 0268    0001 0000000001800018  00001 0000000000000000  00001 0000000000000000
Frame 0269    0001 000000003fffe7fe  00000 0000000000000000  00000 0000000000000000
Frame 0270    0000 000000003fffe7fe  01101 0000000000000000  01101 0000000000000000
Frame 0271    0101 0000000000402400  00001 0000000000000000  00001 0000000000000000
Frame 0272    0001 00000000a21f8510  00001 0000000000000000  00001 0000000000000000
Frame 0273    0001 00000000a20007b0  00001 0000000000000000  00001 0000000000000000
Frame 0274    0001 0000000000000000  00001 0000000000000000  00001 0000000000000000
Frame 0275    0001 0000000001000010  00001 0000000000000000  00001 0000000000000000
Frame 0276    0001 0000000001c0001c  00001 0000000000000000  00001 0000000000000000
Frame 0277    0001 000000000fffe7fe  00000 0000000000000000  00000 0000000000000000
Frame 0278    0000 000000000fffe7fe  01101 0000000000000000  01101 0000000000000000
Frame 0279    0101 0000000006f1b400  00001 0000000000000000  00001 0000000000000000
Frame 0280    0001 00000000a21d09f0  00001 0000000000000000  00001 0000000000000000
Frame 0281    0001 00000000a2208d90  00001 0000000000000000  00001 0000000000000000
Frame 0282    0001 0000000000000000  00001 0000000000000000  00001 0000000000000000
Frame 0283    0001 0000000001000010  00001 0000000000000000  00001 0000000000000000
Frame 0284    0001 0000000001c00018  00001 0000000000000000  00001 0000000000000000
Frame 0285    0001 000000007fffe7fe  00000 0000000000000000  00000 0000000000000000
Frame 0286    0000 000000007fffe7fe  01101 0000000000000000  01101 0000000000000000
Frame 0287    0101 0000000000a01800  00001 0000000000000000  00001 0000000000000000
Frame 0288    0001 000000009de45913  00001 0000000000000000  00001 0000000000000000
Frame 0289    0001 00000000ccccff08  00001 0000000000000000  00001 0000000000000000
Frame 0290    0001 0000000000000000  00001 0000000000000000  00001 0000000000000000
Frame 0291    0001 0000000001000000  00001 0000000000000000  00001 0000000000000000
Frame 0292    0001 0000000001c00018  00001 0000000000000000  00001 0000000000000000
Frame 0293    0001 000000003fffe3fe  00000 0000000000000000  00000 0000000000000000
Frame 0294    0000 000000003fffe3fe  01101 0000000000000000  01101 0000000000000000
Frame 0295    0101 0000000005c19000  00001 0000000000000000  00001 0000000000000000
Frame 0296    0001 00000000ccccff08  00001 0000000000000000  00001 0000000000000000
Frame 0297    0001 00000000ccccff08  00001 0000000000000000  00001 0000000000000000
Frame 0298    0001 0000000000000000  00001 0000000000000000  00001 0000000000000000
Frame 0299    0001 0000000001000010  00001 0000000000000000  00001 0000000000000000
Frame 0300    0001 0000000001800018  00001 0000000000000000  00001 0000000000000000
Frame 0301    0001 000000007fffe7fe  00000 0000000000000000  00000 0000000000000000
Frame 0302    0000 000000007fffe7fe  01101 0000000000000000  01101 0000000000000000
Frame 0303    0101 0000000003a0d000  00001 0000000000000000  00001 0000000000000000
Frame 0304    0001 00000000ccccff08  00001 0000000000000000  00001 0000000000000000
Frame 0305    0001 00000000ccccff08  00001 0000000000000000  00001 0000000000000000
Frame 0306    0001 0000000000000000  00001 0000000000000000  00001 0000000000000000
Frame 0307    0001 0000000001000010  00001 0000000000000000  00001 0000000000000000
Frame 0308    0001 0000000001800018  00001 0000000000000000  00001 0000000000000000
Frame 0309    0001 00000000ffffe7fe  00000 0000000000000000  00000 0000000000000000
Frame 0310    0000 00000000ffffe7fe  01101 0000000000000000  01101 0000000000000000
Frame 0311    0101 000000000721e400  00001 0000000000000000  00001 0000000000000000
Frame 0312    0001 00000000ccccff08  00001 0000000000000000  00001 0000000000000000
Frame 0313    0001 00000000ccccff08  00001 0000000000000000  00001 0000000000000000
Frame 0314    0001 0000000000000000  00001 0000000000000000  00001 0000000000000000
Frame 0315    0001 0000000001000400  00001 0000000000000000  00001 0000000000000000
Frame 0316    0001 0000000001800018  00001 0000000000000000  00001 0000000000000000
Frame 0317    0001 000000007fffe7fe  00000 0000000000000000  00000 0000000000000000
Frame 0318    0000 000000007fffe7fe  01101 0000000000000000  01101 0000000000000000
Frame 0319    0101 0000000003e0f000  00001 0000000000000000  00001 0000000000000000
Frame 0320    0001 00000000ccccff08  00001 0000000000000000  00001 0000000000000000
Frame 0321    0001 00000000ccccff08  00001 0000000000000000  00001 0000000000000000
Frame 0322    0001 0000000000000000  00001 0000000000000000  00001 0000000000000000
Frame 0323    0001 0000000000000018  00001 0000000000000000  00001 0000000000000000
Frame 0324    0001 0000000001c00018  00001 0000000000000000  00001 0000000000000000
Frame 0325    0001 000000007fffe7fe  00000 0000000000000000  00000 0000000000000000
Frame 0326    0000 000000007fffe7fe  01101 0000000000000000  01101 0000000000000000
Frame 0327    0101 0000000005f18800  00001 0000000000000000  00001 0000000000000000
Frame 0328    0001 00000000ccccff08  00001 0000000000000000  00001 0000000000000000
Frame 0329    0001 00000000ccccff08  00001 0000000000000000  00001 0000000000000000
Frame 0330    0001 0000000000000000  00001 0000000000000000  00001 0000000000000000
Frame 0331    0001 0000000001000010  00001 0000000000000000  00001 0000000000000000
Frame 0332    0001 0000000001800018  00001 0000000000000000  00001 0000000000000000
Frame 0333    0001 000000007fffe7fe  00000 0000000000000000  00000 0000000000000000
Frame 0334    0000 000000007fffe7fe  01101 0000000000000000  01101 0000000000000000
Frame 0335    0101 0000000008621400  00001 0000000000000000  00001 0000000000000000
Frame 0336    0001 00000000ccccff08  00001 0000000000000000  00001 0000000000000000
Frame 0337    0001 00000000ccccff08  00001 0000000000000000  00001 0000000000000000
Frame 0338    0001 0000000000000000  00001 0000000000000000  00001 0000000000000000
Frame 0339    0001 0000000001000410  00001 0000000000000000  00001 0000000000000000
Frame 0340    0001 0000000001800018  00001 0000000000000000  00001 0000000000000000
Frame 0341    0001 000000007ffee3fe  00000 0000000000000000  00000 0000000000000000
Frame 0342    0000 000000007ffee3fe  01101 0000000000000000  01101 0000000000000000
Frame 0343    0101 0000000004c11400  00001 0000000000000000  00001 0000000000000000
Frame 0344    0001 00000000ccccff08  00001 0000000000000000  00001 0000000000000000
Frame 0345    0001 00000000ccccff08  00001 0000000000000000  00001 0000000000000000
Frame 0346    0001 0000000000000000  00001 0000000000000000  00001 0000000000000000
Frame 0347    0001 0000000001000000  00001 0000000000000000  00001 0000000000000000
Frame 0348    0001 0000000001800018  00001 0000000000000000  00001 0000000000000000
Frame 0349    0001 000000003fffe7fe  00000 0000000000000000  00000 0000000000000000
Frame 0350    0000 000000003fffe7fe  01101 0000000000000000  01101 0000000000000000
Frame 0351    0101 0000000005212c00  00001 0000000000000000  00001 0000000000000000
Frame 0352    0001 00000000ccccff08  00001 0000000000000000  00001 0000000000000000
Frame 0353    0001 00000000ccccff08  00001 0000000000000000  00001 0000000000000000
Frame 0354    0001 0000000000000000  00001 0000000000000000  00001 0000000000000000
Frame 0355    0001 0000000001000418  00001 0000000000000000  00001 0000000000000000
Frame 0356    0001 0000000001800018  00001 0000000000000000  00001 0000000000000000
Frame 0357    0001 000000007fffe7fe  00000 0000000000000000  00000 0000000000000000
Frame 0358    0000 000000007fffe7fe  01101 0000000000000000  01101 0000000000000000
Frame 0359    0101 000000000721c800  00001 0000000000000000  00001 0000000000000000
Frame 0360    0001 00000000ccccff08  00001 0000000000000000  00001 0000000000000000
Frame 0361    0001 00000000ccccff08  00001 0000000000000000  00001 0000000000000000
Frame 0362    0001 0000000000000000  00001 0000000000000000  00001 0000000000000000
Frame 0363    0001 0000000001800418  00001 0000000000000000  00001 0000000000000000
Frame 0364    0001 0000000001800018  00001 0000000000000000  00001 0000000000000000
Frame 0365    0001 000000007fffe3fe  00000 0000000000000000  00000 0000000000000000
Frame 0366    0000 000000007fffe3fe  01101 0000000000000000  01101 0000000000000000
Frame 0367    0101 000000000721b400  00001 0000000000000000  00001 0000000000000000
Frame 0368    0001 00000000ccccff08  00001 0000000000000000  00001 0000000000000000
Frame 0369    0001 00000000ccccff08  00001 0000000000000000  00001 0000000000000000
Frame 0370    0001 0000000000000000  00001 0000000000000000  00001 0000000000000000
Frame 0371    0001 0000000001000410  00001 0000000000000000  00001 0000000000000000
Frame 0372    0001 0000000001c00018  00001 0000000000000000  00001 0000000000000000
Frame 0373    0001 000000002fffe7fe  00000 0000000000000000  00000 0000000000000000
Frame 0374    0000 000000002fffe7fe  01101 0000000000000000  01101 0000000000000000
Frame 0375    0101 0000000009f28400  00001 0000000000000000  00001 0000000000000000
Frame 0376    0001 00000000ccccff08  00001 0000000000000000  00001 0000000000000000
Frame 0377    0001 00000000ccccff08  00001 0000000000000000  00001 0000000000000000
Frame 0378    0001 0000000000000000  00001 0000000000000000  00001 0000000000000000
Frame 0379    0001 0000000000000010  00001 0000000000000000  00001 0000000000000000
Frame 0380    0001 0000000001800018  00001 0000000000000000  00001 0000000000000000
Frame 0381    0001 000000007befe7de  00000 0000000000000000  00000 0000000000000000
Frame 0382    0000 000000007befe7de  01101 0000000000000000  01101 0000000000000000
Frame 0383    0101 0000000006c1c000  00001 0000000000000000  00001 0000000000000000
Frame 0384    0001 00000000ccccff08  00001 0000000000000000  00001 0000000000000000
Frame 0385    0001 00000000ccccff08  00001 0000000000000000  00001 0000000000000000
Frame 0386    0001 0000000000000000  00001 0000000000000000  00001 0000000000000000
Frame 0387    0001 0000000001000010  00001 0000000000000000  00001 0000000000000000
Frame 0388    0001 0000000001800018  00001 0000000000000000  00001 0000000000000000
Frame 0389    0001 000000003ff7e7fe  00000 0000000000000000  00000 0000000000000000
Frame 0390    0000 000000003ff7e7fe  01101 0000000000000000  01101 0000000000000000
Frame 0391    0101 0000000005d16c00  00001 0000000000000000  00001 0000000000000000
Frame 0392    0001 00000000ccccff08  00001 0000000000000000  00001 0000000000000000
Frame 0393    0001 00000000ccccff08  00001 0000000000000000  00001 0000000000000000
Frame 0394    0001 0000000000000000  00001 0000000000000000  00001 0000000000000000
Frame 0395    0001 0000000000000410  00001 0000000000000000  00001 0000000000000000
Frame 0396    0001 0000000001800018  00001 0000000000000000  00001 0000000000000000
Frame 0397    0001 000000007fff67fe  00000 0000000000000000  00000 0000000000000000
Frame 0398    0000 000000007fff67fe  01101 0000000000000000  01101 0000000000000000
Frame 0399    0101 0000000004e13400  00001 0000000000000000  00001 0000000000000000
Frame 0400    0001 00000000ccccff08  00001 0000000000000000  00001 0000000000000000
Frame 0401    0001 00000000ccccff08  00001 0000000000000000  00001 0000000000000000
Frame 0402    0001 0000000000000000  00001 0000000000000000  00001 0000000000000000
Frame 0403    0001 0000000001000010  00001 0000000000000000  00001 0000000000000000
Frame 0404    0001 0000000001c00018  00001 0000000000000000  00001 0000000000000000
Frame 0405    0001 000000007fdbc7fe  00000 0000000000000000  00000 0000000000000000
Frame 0406    0000 000000007fdbc7fe  01101 0000000000000000  01101 0000000000000000
Frame 0407    0101 0000000004815800  00001 0000000000000000  00001 0000000000000000
Frame 0408    0001 00000000ccccff08  00001 0000000000000000  00001 0000000000000000
Frame 0409    0001 00000000ccccff08  00001 0000000000000000  00001 0000000000000000
Frame 0410    0001 0000000000000000  00001 0000000000000000  00001 0000000000000000
Frame 0411    0001 0000000001000010  00001 0000000000000000  00001 0000000000000000
Frame 0412    0001 0000000001800018  00001 0000000000000000  00001 0000000000000000
Frame 0413    0001 000000007fffe7fe  00000 0000000000000000  00000 0000000000000000
Frame 0414    0000 000000007fffe7fe  01101 0000000000000000  01101 0000000000000000
Frame 0415    0101 0000000005214400  00001 0000000000000000  00001 0000000000000000
Frame 0416    0001 00000000ccccff08  00001 0000000000000000  00001 0000000000000000
Frame 0417    0001 00000000ccccff08  00001 0000000000000000  00001 0000000000000000
Frame 0418    0001 0000000000000000  00001 0000000000000000  00001 0000000000000000
Frame 0419    0001 0000000001000010  00001 0000000000000000  00001 0000000000000000
Frame 0420    0001 0000000001800018  00001 0000000000000000  00001 0000000000000000
Frame 0421    0001 0000000077ffe7fe  00000 0000000000000000  00000 0000000000000000
Frame 0422    0000 0000000077ffe7fe  01101 0000000000000000  01101 0000000000000000
Frame 0423    0101 0000000000000000  00001 0000000000000000  00001 0000000000000000
Frame 0424    0001 00000000ccccff08  00001 0000000000000000  00001 0000000000000000
Frame 0425    0001 00000000ccccff08  00001 0000000000000000  00001 0000000000000000
Frame 0426    0001 0000000000000000  00001 0000000000000000  00001 0000000000000000
Frame 0427    0001 0000000001000010  00001 0000000000000000  00001 0000000000000000
Frame 0428    0001 0000000001800018  00001 0000000000000000  00001 0000000000000000
Frame 0429    0001 0000000057ffe7de  00000 0000000000000000  00000 0000000000000000
Frame 0430    0000 0000000057ffe7de  01101 0000000000000000  01101 0000000000000000
Frame 0431    0101 000000000b5555b0  00001 0000000000000000  00001 0000000000000000
Frame 0432    0001 00000000ccccff08  00001 0000000000000000  00001 0000000000000000
Frame 0433    0001 00000000ccccff08  00001 0000000000000000  00001 0000000000000000
Frame 0434    0001 0000000000000000  00001 0000000000000000  00001 0000000000000000
Frame 0435    0001 0000000001000410  00001 0000000000000000  00001 0000000000000000
Frame 0436    0001 0000000001800018  00001 0000000000000000  00001 0000000000000000
Frame 0437    0001 0000000027ffe3fe  00000 0000000000000000  00000 0000000000000000
Frame 0438    0000 0000000027ffe3fe  01101 0000000000000000  01101 0000000000000000
Frame 0439    0101 00000000e02c909f  00001 0000000000000000  00001 0000000000000000
Frame 0440    0001 00000000ccccff08  00001 0000000000000000  00001 0000000000000000
Frame 0441    0001 00000000ccccff08  00001 0000000000000000  00001 0000000000000000
Frame 0442    0001 0000000000000000  00001 0000000000000000  00001 0000000000000000
Frame 0443    0001 0000000001000410  00001 0000000000000000  00001 0000000000000000
Frame 0444    0001 0000000001800018  00001 0000000000000000  00001 0000000000000000
Frame 0445    0001 000000007fffe3de  00000 0000000000000000  00000 0000000000000000
Frame 0446    0000 000000007fffe3de  01101 0000000000000000  01101 0000000000000000
Frame 0447    0101 00000000ffffffff  00001 0000000000000000  00001 0000000000000000
Frame 0448    0001 00000000ccccff08  00001 0000000000000000  00001 0000000000000000
Frame 0449    0001 00000000ccccff08  00001 0000000000000000  00001 0000000000000000
Frame 0450    0001 0000000000000000  00001 0000000000000000  00001 0000000000000000
Frame 0451    0001 0000000001000010  00001 0000000000000000  00001 0000000000000000
Frame 0452    0001 000000000180001c  00001 0000000000000000  00001 0000000000000000
Frame 0453    0001 000000007fffe1fe  00000 0000000000000000  00000 0000000000000000
Frame 0454    0000 000000007fffe1fe  01101 0000000000000000  01101 0000000000000000
Frame 0455    0101 0000000004913c00  00001 0000000000000000  00001 0000000000000000
Frame 0456    0001 00000000ccccff08  00001 0000000000000000  00001 0000000000000000
Frame 0457    0001 00000000ccccff08  00001 0000000000000000  00001 0000000000000000
Frame 0458    0001 0000000000000000  00001 0000000000000000  00001 0000000000000000
Frame 0459    0001 0000000000000010  00001 0000000000000000  00001 0000000000000000
Frame 0460    0001 0000000001800018  00001 0000000000000000  00001 0000000000000000
Frame 0461    0001 000000005ffec45e  00000 0000000000000000  00000 0000000000000000
Frame 0462    0000 000000005ffec45e  01101 0000000000000000  01101 0000000000000000
Frame 0463    0101 0000000004913800  00001 0000000000000000  00001 0000000000000000
Frame 0464    0001 00000000ccccff08  00001 0000000000000000  00001 0000000000000000
Frame 0465    0001 00000000ccccff08  00001 0000000000000000  00001 0000000000000000
Frame 0466    0001 0000000000000000  00001 0000000000000000  00001 0000000000000000
Frame 0467    0001 0000000000000010  00001 0000000000000000  00001 0000000000000000
Frame 0468    0001 000000000180001c  00001 0000000000000000  00001 0000000000000000
Frame 0469    0001 0000000013fe25be  00000 0000000000000000  00000 0000000000000000
Frame 0470    0000 0000000013fe25be  01101 0000000000000000  01101 0000000000000000
Frame 0471    0101 0000000005514400  00001 0000000000000000  00001 0000000000000000
Frame 0472    0001 00000000ccccff08  00001 0000000000000000  00001 0000000000000000
Frame 0473    0001 00000000ccccff08  00001 0000000000000000  00001 0000000000000000
Frame 0474    0001 0000000000000000  00001 0000000000000000  00001 0000000000000000
Frame 0475    0001 0000000000000010  00001 0000000000000000  00001 0000000000000000
Frame 0476    0001 000000000180001c  00001 0000000000000000  00001 0000000000000000
Frame 0477    0001 000000007ffee7fe  00000 0000000000000000  00000 0000000000000000
Frame 0478    0000 000000007ffee7fe  01101 0000000000000000  01101 0000000000000000
Frame 0479    0101 0000000005717400  00001 0000000000000000  00001 0000000000000000
Frame 0480    0001 00000000ccccff08  00001 0000000000000000  00001 0000000000000000
Frame 0481    0001 00000000ccccff08  00001 0000000000000000  00001 0000000000000000
Frame 0482    0001 0000000000000000  00001 0000000000000000  00001 0000000000000000
Frame 0483    0001 0000000001000010  00001 0000000000000000  00001 0000000000000000
Frame 0484    0001 0000000001800018  00001 0000000000000000  00001 0000000000000000
Frame 0485    0001 000000004fffe31e  00000 0000000000000000  00000 0000000000000000
Frame 0486    0000 000000004fffe31e  01101 0000000000000000  01101 0000000000000000
Frame 0487    0101 000000000bc31c00  00001 0000000000000000  00001 0000000000000000
Frame 0488    0001 00000000ccccff08  00001 0000000000000000  00001 0000000000000000
Frame 0489    0001 00000000ccccff08  00001 0000000000000000  00001 0000000000000000
Frame 0490    0001 0000000000000000  00001 0000000000000000  00001 0000000000000000
Frame 0491    0001 0000000001000010  00001 0000000000000000  00001 0000000000000000
Frame 0492    0001 0000000001800018  00001 0000000000000000  00001 0000000000000000
Frame 0493    0001 000000001bffe7fe  00000 0000000000000000  00000 0000000000000000
Frame 0494    0000 000000001bffe7fe  01101 0000000000000000  01101 0000000000000000
Frame 0495    0101 0000000004915400  00001 0000000000000000  00001 0000000000000000
Frame 0496    0001 00000000ccccff08  00001 0000000000000000  00001 0000000000000000
Frame 0497    0001 00000000ccccff08  00001 0000000000000000  00001 0000000000000000
Frame 0498    0001 0000000000000000  00001 0000000000000000  00001 0000000000000000
Frame 0499    0001 0000000001000000  00001 0000000000000000  00001 0000000000000000
Frame 0500    0001 0000000001800018  00001 0000000000000000  00001 0000000000000000
Frame 0501    0001 000000003fffe7fe  00000 0000000000000000  00000 0000000000000000
Frame 0502    0000 000000003fffe7fe  01101 0000000000000000  01101 0000000000000000
Frame 0503    0101 000000000c734400  00001 0000000000000000  00001 0000000000000000
Frame 0504    0001 00000000ccccff08  00001 0000000000000000  00001 0000000000000000
Frame 0505    0001 00000000ccccff08  00001 0000000000000000  00001 0000000000000000
Frame 0506    0001 0000000000000000  00001 0000000000000000  00001 0000000000000000
Frame 0507    0001 0000000001000410  00001 0000000000000000  00001 0000000000000000
Frame 0508    0001 000000000180001c  00001 0000000000000000  00001 0000000000000000
Frame 0509    0001 0000000049ffe3fe  00000 0000000000000000  00000 0000000000000000
Frame 0510    0000 0000000049ffe3fe  01101 0000000000000000  01101 0000000000000000
Frame 0511    0101 0000000004f15c00  00001 0000000000000000  00001 0000000000000000
Frame 0512    0001 00000000ccccff08  00001 0000000000000000  00001 0000000000000000
Frame 0513    0001 00000000ccccff08  00001 0000000000000000  00001 0000000000000000
Frame 0514    0001 0000000000000000  00001 0000000000000000  00001 0000000000000000
Frame 0515    0001 0000000001000000  00001 0000000000000000  00001 0000000000000000
Frame 0516    0001 0000000001800018  00001 0000000000000000  00001 0000000000000000
Frame 0517    0001 000000007fffe3da  00000 0000000000000000  00000 0000000000000000
Frame 0518    0000 000000007fffe3da  01101 0000000000000000  01101 0000000000000000
Frame 0519    0101 0000000004b13c00  00001 0000000000000000  00001 0000000000000000
Frame 0520    0001 00000000ccccff08  00001 0000000000000000  00001 0000000000000000
Frame 0521    0001 00000000ccccff08  00001 0000000000000000  00001 0000000000000000
Frame 0522    0001 0000000000000000  00001 0000000000000000  00001 0000000000000000
Frame 0523    0001 0000000001000010  00001 0000000000000000  00001 0000000000000000
Frame 0524    0001 0000000001800018  00001 0000000000000000  00001 0000000000000000
Frame 0525    0001 000000007fffe5f8  00000 0000000000000000  00000 0000000000000000
Frame 0526    0000 000000007fffe5f8  01101 0000000000000000  01101 0000000000000000
Frame 0527    0101 000000003ffffc00  00001 0000000000000000  00001 0000000000000000
Frame 0528    0001 00000000ccccff08  00001 0000000000000000  00001 0000000000000000
Frame 0529    0001 00000000ccccff08  00001 0000000000000000  00001 0000000000000000
Frame 0530    0001 0000000000000000  00001 0000000000000000  00001 0000000000000000
Frame 0531    0001 0000000001000018  00001 0000000000000000  00001 0000000000000000
Frame 0532    0001 000000000180001c  00001 0000000000000000  00001 0000000000000000
Frame 0533    0001 0000000073e7e19c  00000 0000000000000000  00000 0000000000000000
Frame 0534    0000 0000000073e7e19c  01101 0000000000000000  01101 0000000000000000
Frame 0535    0101 0000000008623400  00001 0000000000000000  00001 0000000000000000
Frame 0536    0001 00000000ccccff08  00001 0000000000000000  00001 0000000000000000
Frame 0537    0001 00000000ccccff08  00001 0000000000000000  00001 0000000000000000
Frame 0538    0001 0000000000000000  00001 0000000000000000  00001 0000000000000000
Frame 0539    0001 0000000001000010  00001 0000000000000000  00001 0000000000000000
Frame 0540    0001 000000000180001c  00001 0000000000000000  00001 0000000000000000
Frame 0541    0001 000000000befa3fe  00000 0000000000000000  00000 0000000000000000
Frame 0542    0000 000000000befa3fe  01101 0000000000000000  01101 0000000000000000
Frame 0543    0101 000000000bf2e000  00001 0000000000000000  00001 0000000000000000
Frame 0544    0001 00000000ccccff08  00001 0000000000000000  00001 0000000000000000
Frame 0545    0001 00000000ccccff08  00001 0000000000000000  00001 0000000000000000
Frame 0546    0001 0000000000000000  00001 0000000000000000  00001 0000000000000000
Frame 0547    0001 0000000001000410  00001 0000000000000000  00001 0000000000000000
Frame 0548    0001 0000000001800018  00001 0000000000000000  00001 0000000000000000
Frame 0549    0001 000000006fffe7fe  00000 0000000000000000  00000 0000000000000000
Frame 0550    0000 000000006fffe7fe  01101 0000000000000000  01101 0000000000000000
Frame 0551    0101 000000003ffffc6b  00001 0000000000000000  00001 0000000000000000
Frame 0552    0001 00000000ccccff08  00001 0000000000000000  00001 0000000000000000
Frame 0553    0001 00000000ccccff08  00001 0000000000000000  00001 0000000000000000
Frame 0554    0001 0000000000000000  00001 0000000000000000  00001 0000000000000000
Frame 0555    0001 0000000001000010  00001 0000000000000000  00001 0000000000000000
Frame 0556    0001 0000000001800018  00001 0000000000000000  00001 0000000000000000
Frame 0557    0001 00000000ffffe7fe  00000 0000000000000000  00000 0000000000000000
Frame 0558    0000 00000000ffffe7fe  01101 0000000000000000  01101 0000000000000000
Frame 0559    0101 000000003ffffc00  00001 0000000000000000  00001 0000000000000000
Frame 0560    0001 00000000ccccff08  00001 0000000000000000  00001 0000000000000000
Frame 0561    0001 00000000ccccff08  00001 0000000000000000  00001 0000000000000000
Frame 0562    0001 0000000000000000  00001 0000000000000000  00001 0000000000000000
Frame 0563    0001 0000000001800010  00001 0000000000000000  00001 0000000000000000
Frame 0564    0001 0000000001800018  00001 0000000000000000  00001 0000000000000000
Frame 0565    0001 000000003fffe7fe  00000 0000000000000000  00000 0000000000000000
Frame 0566    0000 000000003fffe7fe  01101 0000000000000000  01101 0000000000000000
Frame 0567    0101 0000000019b64400  00001 0000000000000000  00001 0000000000000000
Frame 0568    0001 00000000ccccff08  00001 0000000000000000  00001 0000000000000000
Frame 0569    0001 00000000ccccff08  00001 0000000000000000  00001 0000000000000000
Frame 0570    0001 0000000000000000  00001 0000000000000000  00001 0000000000000000
Frame 0571    0001 0000000000000000  00001 0000000000000000  00001 0000000000000000
Frame 0572    0001 000000000180001c  00001 0000000000000000  00001 0000000000000000
Frame 0573    0001 000000007fffe7de  00000 0000000000000000  00000 0000000000000000
Frame 0574    0000 000000007fffe7de  01101 0000000000000000  01101 0000000000000000
Frame 0575    0101 000000003ffffc00  00001 0000000000000000  00001 0000000000000000
Frame 0576    0001 00000000ccccff08  00001 0000000000000000  00001 0000000000000000
Frame 0577    0001 00000000ccccff08  00001 0000000000000000  00001 0000000000000000
Frame 0578    0001 0000000000000000  00001 0000000000000000  00001 0000000000000000
Frame 0579    0001 0000000001000010  00001 0000000000000000  00001 0000000000000000
Frame 0580    0001 0000000001c00018  00001 0000000000000000  00001 0000000000000000
Frame 0581    0001 000000007fffe1fe  00000 0000000000000000  00000 0000000000000000
Frame 0582    0000 000000007fffe1fe  01101 0000000000000000  01101 0000000000000000
Frame 0583    0101 000000003ffffc00  00001 0000000000000000  00001 0000000000000000
Frame 0584    0001 00000000ccccff08  00001 0000000000000000  00001 0000000000000000
Frame 0585    0001 00000000ccccff08  00001 0000000000000000  00001 0000000000000000
Frame 0586    0001 0000000000000000  00001 0000000000000000  00001 0000000000000000
Frame 0587    0001 0000000000000000  00001 0000000000000000  00001 0000000000000000
Frame 0588    0001 0000000001800018  00001 0000000000000000  00001 0000000000000000
Frame 0589    0001 000000001fffe0fe  00000 0000000000000000  00000 0000000000000000
Frame 0590    0000 000000001fffe0fe  01101 0000000000000000  01101 0000000000000000
Frame 0591    0101 000000003ffffc00  00001 0000000000000000  00001 0000000000000000
Frame 0592    0001 00000000ccccff08  00001 0000000000000000  00001 0000000000000000
Frame 0593    0001 00000000ccccff08  00001 0000000000000000  00001 0000000000000000
Frame 0594    0001 0000000000000000  00001 0000000000000000  00001 0000000000000000
Frame 0595    0001 0000000001000010  00001 0000000000000000  00001 0000000000000000
Frame 0596    0001 0000000001800018  00001 0000000000000000  00001 0000000000000000
Frame 0597    0001 000000004fffe77e  00000 0000000000000000  00000 0000000000000000
Frame 0598    0000 000000004fffe77e  01101 0000000000000000  01101 0000000000000000
Frame 0599    0101 0000000005113400  00001 0000000000000000  00001 0000000000000000
Frame 0600    0001 00000000ccccff08  00001 0000000000000000  00001 0000000000000000
Frame 0601    0001 00000000ccccff08  00001 0000000000000000  00001 0000000000000000
Frame 0602    0001 0000000000000000  00001 0000000000000000  00001 0000000000000000
Frame 0603    0001 0000000001000010  00001 0000000000000000  00001 0000000000000000
Frame 0604    0001 0000000001800018  00001 0000000000000000  00001 0000000000000000
Frame 0605    0001 000000003fffe2f8  00000 0000000000000000  00000 0000000000000000
Frame 0606    0000 000000003fffe2f8  01101 0000000000000000  01101 0000000000000000
Frame 0607    0101 000000003ffffc00  00001 0000000000000000  00001 0000000000000000
Frame 0608    0001 00000000ccccff08  00001 0000000000000000  00001 0000000000000000
Frame 0609    0001 00000000ccccff08  00001 0000000000000000  00001 0000000000000000
Frame 0610    0001 0000000000000000  00001 0000000000000000  00001 0000000000000000
Frame 0611    0001 0000000001000018  00001 0000000000000000  00001 0000000000000000
Frame 0612    0001 0000000001800018  00001 0000000000000000  00001 0000000000000000
Frame 0613    0001 0000000003f8e05e  00000 0000000000000000  00000 0000000000000000
Frame 0614    0000 0000000003f8e05e  01101 0000000000000000  01101 0000000000000000
Frame 0615    0101 000000003ffffc00  00001 0000000000000000  00001 0000000000000000
Frame 0616    0001 00000000ccccff08  00001 0000000000000000  00001 0000000000000000
Frame 0617    0001 00000000ccccff08  00001 0000000000000000  00001 0000000000000000
Frame 0618    0001 0000000000000000  00001 0000000000000000  00001 0000000000000000
Frame 0619    0001 0000000001000010  00001 0000000000000000  00001 0000000000000000
Frame 0620    0001 000000000180001c  00001 0000000000000000  00001 0000000000000000
Frame 0621    0001 0000000007cee07e  00000 0000000000000000  00000 0000000000000000
Frame 0622    0000 0000000007cee07e  01101 0000000000000000  01101 0000000000000000
Frame 0623    0101 000000003ffffc00  00001 0000000000000000  00001 0000000000000000
Frame 0624    0001 00000000ccccff08  00001 0000000000000000  00001 0000000000000000
Frame 0625    0001 00000000ccccff08  00001 0000000000000000  00001 0000000000000000
Frame 0626    0001 0000000000000000  00001 0000000000000000  00001 0000000000000000
Frame 0627    0001 000000000100001a  00001 0000000000000000  00001 0000000000000000
Frame 0628    0001 0000000001800018  00001 0000000000000000  00001 0000000000000000
Frame 0629    0001 0000000031f0e1be  00000 0000000000000000  00000 0000000000000000
Frame 0630    0000 0000000031f0e1be  01101 0000000000000000  01101 0000000000000000
Frame 0631    0101 000000003ffffc00  00001 0000000000000000  00001 0000000000000000
Frame 0632    0001 00000000ccccff08  00001 0000000000000000  00001 0000000000000000
Frame 0633    0001 00000000ccccff08  00001 0000000000000000  00001 0000000000000000
Frame 0634    0001 0000000000000000  00001 0000000000000000  00001 0000000000000000
Frame 0635    0001 0000000021000418  00001 0000000000000000  00001 0000000000000000
Frame 0636    0001 0000000001800018  00001 0000000000000000  00001 0000000000000000
Frame 0637    0001 000000001fffe3fc  00000 0000000000000000  00000 0000000000000000
Frame 0638    0000 000000001fffe3fc  01101 0000000000000000  01101 0000000000000000
Frame 0639    0101 000000003ffffc00  00001 0000000000000000  00001 0000000000000000
Frame 0640    0001 00000000ccccff08  00001 0000000000000000  00001 0000000000000000
Frame 0641    0001 00000000ccccff08  00001 0000000000000000  00001 0000000000000000
Frame 0642    0001 0000000000000000  00001 0000000000000000  00001 0000000000000000
Frame 0643    0001 0000000001000400  00001 0000000000000000  00001 0000000000000000
Frame 0644    0001 0000000001800018  00001 0000000000000000  00001 0000000000000000
Frame 0645    0001 000000004bfbe1fe  00000 0000000000000000  00000 0000000000000000
Frame 0646    0000 000000004bfbe1fe  01101 0000000000000000  01101 0000000000000000
Frame 0647    0101 000000003ffffc00  00001 0000000000000000  00001 0000000000000000
Frame 0648    0001 00000000ccccff08  00001 0000000000000000  00001 0000000000000000
Frame 0649    0001 00000000ccccff08  00001 0000000000000000  00001 0000000000000000
Frame 0650    0001 0000000000000000  00001 0000000000000000  00001 0000000000000000
Frame 0651    0001 0000000001000010  00001 0000000000000000  00001 0000000000000000
Frame 0652    0001 0000000001800018  00001 0000000000000000  00001 0000000000000000
Frame 0653    0001 000000003fffe7fe  00000 0000000000000000  00000 0000000000000000
Frame 0654    0000 000000003fffe7fe  01101 0000000000000000  01101 0000000000000000
Frame 0655    0101 000000003ffffc00  00001 0000000000000000  00001 0000000000000000
Frame 0656    0001 00000000ccccff08  00001 0000000000000000  00001 0000000000000000
Frame 0657    0001 00000000ccccff08  00001 0000000000000000  00001 0000000000000000
Frame 0658    0001 0000000000000000  00001 0000000000000000  00001 0000000000000000
Frame 0659    0001 0000000001000410  00001 0000000000000000  00001 0000000000000000
Frame 0660    0001 0000000001800018  00001 0000000000000000  00001 0000000000000000
Frame 0661    0001 000000007bf5e2fc  00000 0000000000000000  00000 0000000000000000
Frame 0662    0000 000000007bf5e2fc  01101 0000000000000000  01101 0000000000000000
Frame 0663    0101 0000000013650000  00001 0000000000000000  00001 0000000000000000
Frame 0664    0001 00000000ccccff08  00001 0000000000000000  00001 0000000000000000
Frame 0665    0001 00000000ccccff08  00001 0000000000000000  00001 0000000000000000
Frame 0666    0001 0000000000000000  00001 0000000000000000  00001 0000000000000000
Frame 0667    0001 0000000001000010  00001 0000000000000000  00001 0000000000000000
Frame 0668    0001 0000000001800018  00001 0000000000000000  00001 0000000000000000
Frame 0669    0001 000000006ffe867e  00000 0000000000000000  00000 0000000000000000
Frame 0670    0000 000000006ffe867e  01101 0000000000000000  01101 0000000000000000
Frame 0671    0101 000000003ffffc00  00001 0000000000000000  00001 0000000000000000
Frame 0672    0001 00000000ccccff08  00001 0000000000000000  00001 0000000000000000
Frame 0673    0001 00000000ccccff08  00001 0000000000000000  00001 0000000000000000
Frame 0674    0001 0000000000000000  00001 0000000000000000  00001 0000000000000000
Frame 0675    0001 0000000001000410  00001 0000000000000000  00001 0000000000000000
Frame 0676    0001 0000000001c00018  00001 0000000000000000  00001 0000000000000000
Frame 0677    0001 000000007fffe6fe  00000 0000000000000000  00000 0000000000000000
Frame 0678    0000 000000007fffe6fe  01101 0000000000000000  01101 0000000000000000
Frame 0679    0101 000000003ffffc00  00001 0000000000000000  00001 0000000000000000
Frame 0680    0001 00000000ccccff08  00001 0000000000000000  00001 0000000000000000
Frame 0681    0001 00000000ccccff08  00001 0000000000000000  00001 0000000000000000
Frame 0682    0001 0000000000000000  00001 0000000000000000  00001 0000000000000000
Frame 0683    0001 0000000001000010  00001 0000000000000000  00001 0000000000000000
Frame 0684    0001 0000000001800018  00001 0000000000000000  00001 0000000000000000
Frame 0685    0001 000000003fffe15e  00000 0000000000000000  00000 0000000000000000
Frame 0686    0000 000000003fffe15e  01101 0000000000000000  01101 0000000000000000
Frame 0687    0101 000000001d178400  00001 0000000000000000  00001 0000000000000000
Frame 0688    0001 00000000ccccff08  00001 0000000000000000  00001 0000000000000000
Frame 0689    0001 00000000ccccff08  00001 0000000000000000  00001 0000000000000000
Frame 0690    0001 0000000000000000  00001 0000000000000000  00001 0000000000000000
Frame 0691    0001 0000000001000410  00001 0000000000000000  00001 0000000000000000
Frame 0692    0001 0000000001800018  00001 0000000000000000  00001 0000000000000000
Frame 0693    0001 000000004fffe67c  00000 0000000000000000  00000 0000000000000000
Frame 0694    0000 000000004fffe67c  01101 0000000000000000  01101 0000000000000000
Frame 0695    0101 000000001b26e800  00001 0000000000000000  00001 0000000000000000
Frame 0696    0001 00000000ccccff08  00001 0000000000000000  00001 0000000000000000
Frame 0697    0001 00000000ccccff08  00001 0000000000000000  00001 0000000000000000
Frame 0698    0001 0000000000000000  00001 0000000000000000  00001 0000000000000000
Frame 0699    0001 0000000001000010  00001 0000000000000000  00001 0000000000000000
Frame 0700    0001 0000000001800018  00001 0000000000000000  00001 0000000000000000
Frame 0701    0001 000000007fbfc1fe  00000 0000000000000000  00000 0000000000000000
Frame 0702    0000 000000007fbfc1fe  01101 0000000000000000  01101 0000000000000000
Frame 0703    0101 000000003ffffc00  00001 0000000000000000  00001 0000000000000000
Frame 0704    0001 00000000ccccff08  00001 0000000000000000  00001 0000000000000000
Frame 0705    0001 00000000ccccff08  00001 0000000000000000  00001 0000000000000000
Frame 0706    0001 0000000000000000  00001 0000000000000000  00001 0000000000000000
Frame 0707    0001 0000000001000010  00001 0000000000000000  00001 0000000000000000
Frame 0708    0001 0000000001800018  00001 0000000000000000  00001 0000000000000000
Frame 0709    0001 000000004fffa1fe  00000 0000000000000000  00000 0000000000000000
Frame 0710    0000 000000004fffa1fe  01101 0000000000000000  01101 0000000000000000
Frame 0711    0101 0000000014a54800  00001 0000000000000000  00001 0000000000000000
Frame 0712    0001 00000000ccccff08  00001 0000000000000000  00001 0000000000000000
Frame 0713    0001 00000000ccccff08  00001 0000000000000000  00001 0000000000000000
Frame 0714    0001 0000000000000000  00001 0000000000000000  00001 0000000000000000
Frame 0715    0001 0000000001000410  00001 0000000000000000  00001 0000000000000000
Frame 0716    0001 0000000001800018  00001 0000000000000000  00001 0000000000000000
Frame 0717    0001 000000003bf3e698  00000 0000000000000000  00000 0000000000000000
Frame 0718    0000 000000003bf3e698  01101 0000000000000000  01101 0000000000000000
Frame 0719    0101 000000003ffffc00  00001 0000000000000000  00001 0000000000000000
Frame 0720    0001 00000000ccccff08  00001 0000000000000000  00001 0000000000000000
Frame 0721    0001 00000000ccccff08  00001 0000000000000000  00001 0000000000000000
Frame 0722    0001 0000000000000000  00001 0000000000000000  00001 0000000000000000
Frame 0723    0001 0000000001000010  00001 0000000000000000  00001 0000000000000000
Frame 0724    0001 0000000001c00018  00001 0000000000000000  00001 0000000000000000
Frame 0725    0001 000000003181a01c  00000 0000000000000000  00000 0000000000000000
Frame 0726    0000 000000003181a01c  01101 0000000000000000  01101 0000000000000000
Frame 0727    0101 000000003ffffc00  00001 0000000000000000  00001 0000000000000000
Frame 0728    0001 00000000ccccff08  00001 0000000000000000  00001 0000000000000000
Frame 0729    0001 00000000ccccff08  00001 0000000000000000  00001 0000000000000000
Frame 0730    0001 0000000000000000  00001 0000000000000000  00001 0000000000000000
Frame 0731    0001 0000000001000010  00001 0000000000000000  00001 0000000000000000
Frame 0732    0001 000000000180001c  00001 0000000000000000  00001 0000000000000000
Frame 0733    0001 0000000021fe211c  00000 0000000000000000  00000 0000000000000000
Frame 0734    0000 0000000021fe211c  01101 0000000000000000  01101 0000000000000000
Frame 0735    0101 000000003ffffc00  00001 0000000000000000  00001 0000000000000000
Frame 0736    0001 00000000ccccff08  00001 0000000000000000  00001 0000000000000000
Frame 0737    0001 00000000ccccff08  00001 0000000000000000  00001 0000000000000000
Frame 0738    0001 0000000000000000  00001 0000000000000000  00001 0000000000000000
Frame 0739    0001 0000000001000010  00001 0000000000000000  00001 0000000000000000
Frame 0740    0001 0000000001800018  00001 0000000000000000  00001 0000000000000000
Frame 0741    0001 00000000018a45de  00000 0000000000000000  00000 0000000000000000
Frame 0742    0000 00000000018a45de  01101 0000000000000000  01101 0000000000000000
Frame 0743    0101 000000003ffffc00  00001 0000000000000000  00001 0000000000000000
Frame 0744    0001 00000000ccccff08  00001 0000000000000000  00001 0000000000000000
Frame 0745    0001 00000000ccccff08  00001 0000000000000000  00001 0000000000000000
Frame 0746    0001 0000000000000000  00001 0000000000000000  00001 0000000000000000
Frame 0747    0001 0000000001000010  00001 0000000000000000  00001 0000000000000000
Frame 0748    0001 0000000001c00018  00001 0000000000000000  00001 0000000000000000
Frame 0749    0001 000000002fff25fc  00000 0000000000000000  00000 0000000000000000
Frame 0750    0000 000000002fff25fc  01101 0000000000000000  01101 0000000000000000
Frame 0751    0101 00000000a2278b70  00001 0000000000000000  00001 0000000000000000
Frame 0752    0001 00000000ccccff08  00001 0000000000000000  00001 0000000000000000
Frame 0753    0001 00000000ccccff08  00001 0000000000000000  00001 0000000000000000
Frame 0754    0001 0000000000000000  00001 0000000000000000  00001 0000000000000000
Frame 0755    0001 0000000001000010  00001 0000000000000000  00001 0000000000000000
Frame 0756    0001 0000000001800018  00001 0000000000000000  00001 0000000000000000
Frame 0757    0001 000000001ffce7fe  00000 0000000000000000  00000 0000000000000000
Frame 0758    0000 000000001ffce7fe  01101 0000000000000000  01101 0000000000000000
Frame 0759    0101 00000000e027083f  00001 0000000000000000  00001 0000000000000000
Frame 0760    0001 00000000ccccff08  00001 0000000000000000  00001 0000000000000000
Frame 0761    0001 00000000ccccff08  00001 0000000000000000  00001 0000000000000000
Frame 0762    0001 0000000000000000  00001 0000000000000000  00001 0000000000000000
Frame 0763    0001 0000000001000010  00001 0000000000000000  00001 0000000000000000
Frame 0764    0001 0000000001800018  00001 0000000000000000  00001 0000000000000000
Frame 0765    0001 000000006ffbe7bc  00000 0000000000000000  00000 0000000000000000
Frame 0766    0000 000000006ffbe7bc  01101 0000000000000000  01101 0000000000000000
Frame 0767    0101 00000000ffffffff  00001 0000000000000000  00001 0000000000000000
Frame 0768    0001 00000000ccccff08  00001 0000000000000000  00001 0000000000000000
Frame 0769    0001 00000000ccccff08  00001 0000000000000000  00001 0000000000000000
Frame 0770    0001 0000000000000000  00001 0000000000000000  00001 0000000000000000
Frame 0771    0001 0000000001000000  00001 0000000000000000  00001 0000000000000000
Frame 0772    0001 0000000001800018  00001 0000000000000000  00001 0000000000000000
Frame 0773    0001 000000007ffb81fc  00000 0000000000000000  00000 0000000000000000
Frame 0774    0000 000000007ffb81fc  01101 0000000000000000  01101 0000000000000000
Frame 0775    0101 0000000002f0d000  00001 0000000000000000  00001 0000000000000000
Frame 0776    0001 00000000ccccff08  00001 0000000000000000  00001 0000000000000000
Frame 0777    0001 00000000ccccff08  00001 0000000000000000  00001 0000000000000000
Frame 0778    0001 0000000000000000  00001 0000000000000000  00001 0000000000000000
Frame 0779    0001 0000000000000010  00001 0000000000000000  00001 0000000000000000
Frame 0780    0001 0000000001800018  00001 0000000000000000  00001 0000000000000000
Frame 0781    0001 0000000003fbc07e  00000 0000000000000000  00000 0000000000000000
Frame 0782    0000 0000000003fbc07e  01101 0000000000000000  01101 0000000000000000
Frame 0783    0101 0000000005115400  00001 0000000000000000  00001 0000000000000000
Frame 0784    0001 00000000ccccff08  00001 0000000000000000  00001 0000000000000000
Frame 0785    0001 00000000ccccff08  00001 0000000000000000  00001 0000000000000000
Frame 0786    0001 0000000000000000  00001 0000000000000000  00001 0000000000000000
Frame 0787    0001 0000000001000010  00001 0000000000000000  00001 0000000000000000
Frame 0788    0001 0000000001800018  00001 0000000000000000  00001 0000000000000000
Frame 0789    0001 000000000fffa77e  00000 0000000000000000  00000 0000000000000000
Frame 0790    0000 000000000fffa77e  01101 0000000000000000  01101 0000000000000000
Frame 0791    0101 0000000005213000  00001 0000000000000000  00001 0000000000000000
Frame 0792    0001 00000000ccccff08  00001 0000000000000000  00001 0000000000000000
Frame 0793    0001 00000000ccccff08  00001 0000000000000000  00001 0000000000000000
Frame 0794    0001 0000000000000000  00001 0000000000000000  00001 0000000000000000
Frame 0795    0001 0000000000000410  00001 0000000000000000  00001 0000000000000000
Frame 0796    0001 0000000001800018  00001 0000000000000000  00001 0000000000000000
Frame 0797    0001 000000007ff767fe  00000 0000000000000000  00000 0000000000000000
Frame 0798    0000 000000007ff767fe  01101 0000000000000000  01101 0000000000000000
Frame 0799    0101 0000000003f11c00  00001 0000000000000000  00001 0000000000000000
Frame 0800    0001 00000000ccccff08  00001 0000000000000000  00001 0000000000000000
Frame 0801    0001 00000000ccccff08  00001 0000000000000000  00001 0000000000000000
Frame 0802    0001 0000000000000000  00001 0000000000000000  00001 0000000000000000
Frame 0803    0001 0000000001000010  00001 0000000000000000  00001 0000000000000000
Frame 0804    0001 0000000001800018  00001 0000000000000000  00001 0000000000000000
Frame 0805    0001 0000000007ffe3fe  00000 0000000000000000  00000 0000000000000000
Frame 0806    0000 0000000007ffe3fe  01101 0000000000000000  01101 0000000000000000
Frame 0807    0101 0000000005414400  00001 0000000000000000  00001 0000000000000000
Frame 0808    0001 00000000ccccff08  00001 0000000000000000  00001 0000000000000000
Frame 0809    0001 00000000ccccff08  00001 0000000000000000  00001 0000000000000000
Frame 0810    0001 0000000000000000  00001 0000000000000000  00001 0000000000000000
Frame 0811    0001 0000000001000010  00001 0000000000000000  00001 0000000000000000
Frame 0812    0001 0000000001800018  00001 0000000000000000  00001 0000000000000000
Frame 0813    0001 000000007ffb64fc  00000 0000000000000000  00000 0000000000000000
Frame 0814    0000 000000007ffb64fc  01101 0000000000000000  01101 0000000000000000
Frame 0815    0101 000000000370fc00  00001 0000000000000000  00001 0000000000000000
Frame 0816    0001 00000000ccccff08  00001 0000000000000000  00001 0000000000000000
Frame 0817    0001 00000000ccccff08  00001 0000000000000000  00001 0000000000000000
Frame 0818    0001 0000000000000000  00001 0000000000000000  00001 0000000000000000
Frame 0819    0001 0000000001000000  00001 0000000000000000  00001 0000000000000000
Frame 0820    0001 0000000001800018  00001 0000000000000000  00001 0000000000000000
Frame 0821    0001 000000007dffc7fe  00000 0000000000000000  00000 0000000000000000
Frame 0822    0000 000000007dffc7fe  01101 0000000000000000  01101 0000000000000000
Frame 0823    0101 0000000008e23000  00001 0000000000000000  00001 0000000000000000
Frame 0824    0001 00000000ccccff08  00001 0000000000000000  00001 0000000000000000
Frame 0825    0001 00000000ccccff08  00001 0000000000000000  00001 0000000000000000
Frame 0826    0001 0000000000000000  00001 0000000000000000  00001 0000000000000000
Frame 0827    0001 0000000000000018  00001 0000000000000000  00001 0000000000000000
Frame 0828    0001 0000000001800018  00001 0000000000000000  00001 0000000000000000
Frame 0829    0001 000000006fffa7be  00000 0000000000000000  00000 0000000000000000
Frame 0830    0000 000000006fffa7be  01101 0000000000000000  01101 0000000000000000
Frame 0831    0101 0000000002b0a400  00001 0000000000000000  00001 0000000000000000
Frame 0832    0001 00000000ccccff08  00001 0000000000000000  00001 0000000000000000
Frame 0833    0001 00000000ccccff08  00001 0000000000000000  00001 0000000000000000
Frame 0834    0001 0000000000000000  00001 0000000000000000  00001 0000000000000000
Frame 0835    0001 0000000001000010  00001 0000000000000000  00001 0000000000000000
Frame 0836    0001 0000000001800018  00001 0000000000000000  00001 0000000000000000
Frame 0837    0001 000000007fffa0fe  00000 0000000000000000  00000 0000000000000000
Frame 0838    0000 000000007fffa0fe  01101 0000000000000000  01101 0000000000000000
Frame 0839    0101 0000000005e18c00  00001 0000000000000000  00001 0000000000000000
Frame 0840    0001 00000000ccccff08  00001 0000000000000000  00001 0000000000000000
Frame 0841    0001 00000000ccccff08  00001 0000000000000000  00001 0000000000000000
Frame 0842    0001 0000000000000000  00001 0000000000000000  00001 0000000000000000
Frame 0843    0001 0000000001000010  00001 0000000000000000  00001 0000000000000000
Frame 0844    0001 0000000001800018  00001 0000000000000000  00001 0000000000000000
Frame 0845    0001 000000003f9fa39e  00000 0000000000000000  00000 0000000000000000
Frame 0846    0000 000000003f9fa39e  01101 0000000000000000  01101 0000000000000000
Frame 0847    0101 000000000631b800  00001 0000000000000000  00001 0000000000000000
Frame 0848    0001 00000000ccccff08  00001 0000000000000000  00001 0000000000000000
Frame 0849    0001 00000000ccccff08  00001 0000000000000000  00001 0000000000000000
Frame 0850    0001 0000000000000000  00001 0000000000000000  00001 0000000000000000
Frame 0851    0001 0000000001000410  00001 0000000000000000  00001 0000000000000000
Frame 0852    0001 0000000001800018  00001 0000000000000000  00001 0000000000000000
Frame 0853    0001 000000001fffe3fe  00000 0000000000000000  00000 0000000000000000
Frame 0854    0000 000000001fffe3fe  01101 0000000000000000  01101 0000000000000000
Frame 0855    0101 0000000004f11000  00001 0000000000000000  00001 0000000000000000
Frame 0856    0001 00000000ccccff08  00001 0000000000000000  00001 0000000000000000
Frame 0857    0001 00000000ccccff08  00001 0000000000000000  00001 0000000000000000
Frame 0858    0001 0000000000000000  00001 0000000000000000  00001 0000000000000000
Frame 0859    0001 0000000001000440  00001 0000000000000000  00001 0000000000000000
Frame 0860    0001 0000000001800018  00001 0000000000000000  00001 0000000000000000
Frame 0861    0001 000000003bffe7fe  00000 0000000000000000  00000 0000000000000000
Frame 0862    0000 000000003bffe7fe  01101 0000000000000000  01101 0000000000000000
Frame 0863    0101 0000000005f17c00  00001 0000000000000000  00001 0000000000000000
Frame 0864    0001 00000000ccccff08  00001 0000000000000000  00001 0000000000000000
Frame 0865    0001 00000000ccccff08  00001 0000000000000000  00001 0000000000000000
Frame 0866    0001 0000000000000000  00001 0000000000000000  00001 0000000000000000
Frame 0867    0001 0000000001000410  00001 0000000000000000  00001 0000000000000000
Frame 0868    0001 0000000001800018  00001 0000000000000000  00001 0000000000000000
Frame 0869    0001 00000000ffffe7fe  00000 0000000000000000  00000 0000000000000000
Frame 0870    0000 00000000ffffe7fe  01101 0000000000000000  01101 0000000000000000
Frame 0871    0101 0000000005b15800  00001 0000000000000000  00001 0000000000000000
Frame 0872    0001 00000000ccccff08  00001 0000000000000000  00001 0000000000000000
Frame 0873    0001 00000000ccccff08  00001 0000000000000000  00001 0000000000000000
Frame 0874    0001 0000000000000000  00001 0000000000000000  00001 0000000000000000
Frame 0875    0001 0000000000000400  00001 0000000000000000  00001 0000000000000000
Frame 0876    0001 0000000001c00018  00001 0000000000000000  00001 0000000000000000
Frame 0877    0001 000000005fff67fe  00000 0000000000000000  00000 0000000000000000
Frame 0878    0000 000000005fff67fe  01101 0000000000000000  01101 0000000000000000
Frame 0879    0101 0000000003f11000  00001 0000000000000000  00001 0000000000000000
Frame 0880    0001 00000000ccccff08  00001 0000000000000000  00001 0000000000000000
Frame 0881    0001 00000000ccccff08  00001 0000000000000000  00001 0000000000000000
Frame 0882    0001 0000000000000000  00001 0000000000000000  00001 0000000000000000
Frame 0883    0001 0000000001800010  00001 0000000000000000  00001 0000000000000000
Frame 0884    0001 0000000001800018  00001 0000000000000000  00001 0000000000000000
Frame 0885    0001 000000001fffe2fe  00000 0000000000000000  00000 0000000000000000
Frame 0886    0000 000000001fffe2fe  01101 0000000000000000  01101 0000000000000000
Frame 0887    0101 000000000450fc00  00001 0000000000000000  00001 0000000000000000
Frame 0888    0001 00000000ccccff08  00001 0000000000000000  00001 0000000000000000
Frame 0889    0001 00000000ccccff08  00001 0000000000000000  00001 0000000000000000
Frame 0890    0001 0000000000000000  00001 0000000000000000  00001 0000000000000000
Frame 0891    0001 0000000001220010  00001 0000000000000000  00001 0000000000000000
Frame 0892    0001 0000000001800018  00001 0000000000000000  00001 0000000000000000
Frame 0893    0001 000000007fffe7fe  00000 0000000000000000  00000 0000000000000000
Frame 0894    0000 000000007fffe7fe  01101 0000000000000000  01101 0000000000000000
Frame 0895    0101 0000000006d1bc00  00001 0000000000000000  00001 0000000000000000
Frame 0896    0001 00000000ccccff08  00001 0000000000000000  00001 0000000000000000
Frame 0897    0001 00000000ccccff08  00001 0000000000000000  00001 0000000000000000
Frame 0898    0001 0000000000000000  00001 0000000000000000  00001 0000000000000000
Frame 0899    0001 0000000001000010  00001 0000000000000000  00001 0000000000000000
Frame 0900    0001 0000000001800018  00001 0000000000000000  00001 0000000000000000
Frame 0901    0001 000000001febe3fe  00000 0000000000000000  00000 0000000000000000
Frame 0902    0000 000000001febe3fe  01101 0000000000000000  01101 0000000000000000
Frame 0903    0101 0000000003b0f000  00001 0000000000000000  00001 0000000000000000
Frame 0904    0001 00000000ccccff08  00001 0000000000000000  00001 0000000000000000
Frame 0905    0001 00000000ccccff08  00001 0000000000000000  00001 0000000000000000
Frame 0906    0001 0000000000000000  00001 0000000000000000  00001 0000000000000000
Frame 0907    0001 0000000001000400  00001 0000000000000000  00001 0000000000000000
Frame 0908    0001 0000000001800018  00001 0000000000000000  00001 0000000000000000
Frame 0909    0001 000000001fffe0be  00000 0000000000000000  00000 0000000000000000
Frame 0910    0000 000000001fffe0be  01101 0000000000000000  01101 0000000000000000
Frame 0911    0101 0000000004f13000  00001 0000000000000000  00001 0000000000000000
Frame 0912    0001 00000000ccccff08  00001 0000000000000000  00001 0000000000000000
Frame 0913    0001 00000000ccccff08  00001 0000000000000000  00001 0000000000000000
Frame 0914    0001 0000000000000000  00001 0000000000000000  00001 0000000000000000
Frame 0915    0001 0000000000000000  00001 0000000000000000  00001 0000000000000000
Frame 0916    0001 0000000001800018  00001 0000000000000000  00001 0000000000000000
Frame 0917    0001 000000003fdfe1de  00000 0000000000000000  00000 0000000000000000
Frame 0918    0000 000000003fdfe1de  01101 0000000000000000  01101 0000000000000000
Frame 0919    0101 0000000005215400  00001 0000000000000000  00001 0000000000000000
Frame 0920    0001 00000000ccccff08  00001 0000000000000000  00001 0000000000000000
Frame 0921    0001 00000000ccccff08  00001 0000000000000000  00001 0000000000000000
Frame 0922    0001 0000000000000000  00001 0000000000000000  00001 0000000000000000
Frame 0923    0001 0000000000000010  00001 0000000000000000  00001 0000000000000000
Frame 0924    0001 0000000001800018  00001 0000000000000000  00001 0000000000000000
Frame 0925    0001 000000007fffe7fe  00000 0000000000000000  00000 0000000000000000
Frame 0926    0000 000000007fffe7fe  01101 0000000000000000  01101 0000000000000000
Frame 0927    0101 0000000006719c00  00001 0000000000000000  00001 0000000000000000
Frame 0928    0001 00000000ccccff08  00001 0000000000000000  00001 0000000000000000
Frame 0929    0001 00000000ccccff08  00001 0000000000000000  00001 0000000000000000
Frame 0930    0001 0000000000000000  00001 0000000000000000  00001 0000000000000000
Frame 0931    0001 0000000001000000  00001 0000000000000000  00001 0000000000000000
Frame 0932    0001 0000000001800018  00001 0000000000000000  00001 0000000000000000
Frame 0933    0001 000000007fffe7fe  00000 0000000000000000  00000 0000000000000000
Frame 0934    0000 000000007fffe7fe  01101 0000000000000000  01101 0000000000000000
Frame 0935    0101 0000000003f0e400  00001 0000000000000000  00001 0000000000000000
Frame 0936    0001 00000000ccccff08  00001 0000000000000000  00001 0000000000000000
Frame 0937    0001 00000000ccccff08  00001 0000000000000000  00001 0000000000000000
Frame 0938    0001 0000000000000000  00001 0000000000000000  00001 0000000000000000
Frame 0939    0001 0000000000000400  00001 0000000000000000  00001 0000000000000000
Frame 0940    0001 000000000180001c  00001 0000000000000000  00001 0000000000000000
Frame 0941    0001 000000003fffe7fe  00000 0000000000000000  00000 0000000000000000
Frame 0942    0000 000000003fffe7fe  01101 0000000000000000  01101 0000000000000000
Frame 0943    0101 0000000006315800  00001 0000000000000000  00001 0000000000000000
Frame 0944    0001 00000000ccccff08  00001 0000000000000000  00001 0000000000000000
Frame 0945    0001 00000000ccccff08  00001 0000000000000000  00001 0000000000000000
Frame 0946    0001 0000000000000000  00001 0000000000000000  00001 0000000000000000
Frame 0947    0001 0000000001000000  00001 0000000000000000  00001 0000000000000000
Frame 0948    0001 0000000001c00018  00001 0000000000000000  00001 0000000000000000
Frame 0949    0001 000000007fff67fe  00000 0000000000000000  00000 0000000000000000
Frame 0950    0000 000000007fff67fe  01101 0000000000000000  01101 0000000000000000
Frame 0951    0101 0000000006a1b400  00001 0000000000000000  00001 0000000000000000
Frame 0952    0001 00000000ccccff08  00001 0000000000000000  00001 0000000000000000
Frame 0953    0001 00000000ccccff08  00001 0000000000000000  00001 0000000000000000
Frame 0954    0001 0000000000000000  00001 0000000000000000  00001 0000000000000000
Frame 0955    0001 0000000001000000  00001 0000000000000000  00001 0000000000000000
Frame 0956    0001 000000000180001c  00001 0000000000000000  00001 0000000000000000
Frame 0957    0001 000000001fffe7fe  00000 0000000000000000  00000 0000000000000000
Frame 0958    0000 000000001fffe7fe  01101 0000000000000000  01101 0000000000000000
Frame 0959    0101 0000000007c23400  00001 0000000000000000  00001 0000000000000000
Frame 0960    0001 00000000ccccff08  00001 0000000000000000  00001 0000000000000000
Frame 0961    0001 00000000ccccff08  00001 0000000000000000  00001 0000000000000000
Frame 0962    0001 0000000000000000  00001 0000000000000000  00001 0000000000000000
Frame 0963    0001 0000000001000000  00001 0000000000000000  00001 0000000000000000
Frame 0964    0001 0000000001800018  00001 0000000000000000  00001 0000000000000000
Frame 0965    0001 0000000037ffe7fe  00000 0000000000000000  00000 0000000000000000
Frame 0966    0000 0000000037ffe7fe  01101 0000000000000000  01101 0000000000000000
Frame 0967    0101 000000000ac2bc00  00001 0000000000000000  00001 0000000000000000
Frame 0968    0001 00000000ccccff08  00001 0000000000000000  00001 0000000000000000
Frame 0969    0001 00000000ccccff08  00001 0000000000000000  00001 0000000000000000
Frame 0970    0001 0000000000000000  00001 0000000000000000  00001 0000000000000000
Frame 0971    0001 0000000000000010  00001 0000000000000000  00001 0000000000000000
Frame 0972    0001 000000000180001c  00001 0000000000000000  00001 0000000000000000
Frame 0973    0001 000000007fffe7fe  00000 0000000000000000  00000 0000000000000000
Frame 0974    0000 000000007fffe7fe  01101 0000000000000000  01101 0000000000000000
Frame 0975    0101 0000000005b17400  00001 0000000000000000  00001 0000000000000000
Frame 0976    0001 00000000ccccff08  00001 0000000000000000  00001 0000000000000000
Frame 0977    0001 00000000ccccff08  00001 0000000000000000  00001 0000000000000000
Frame 0978    0001 0000000000000000  00001 0000000000000000  00001 0000000000000000
Frame 0979    0001 0000000001000000  00001 0000000000000000  00001 0000000000000000
Frame 0980    0001 0000000001c0001c  00001 0000000000000000  00001 0000000000000000
Frame 0981    0001 000000007fffe3fe  00000 0000000000000000  00000 0000000000000000
Frame 0982    0000 000000007fffe3fe  01101 0000000000000000  01101 0000000000000000
Frame 0983    0101 000000000410fc00  00001 0000000000000000  00001 0000000000000000
Frame 0984    0001 00000000ccccff08  00001 0000000000000000  00001 0000000000000000
Frame 0985    0001 00000000ccccff08  00001 0000000000000000  00001 0000000000000000
Frame 0986    0001 0000000000000000  00001 0000000000000000  00001 0000000000000000
Frame 0987    0001 0000000000000010  00001 0000000000000000  00001 0000000000000000
Frame 0988    0001 0000000001c00018  00001 0000000000000000  00001 0000000000000000
Frame 0989    0001 000000003fefe7be  00000 0000000000000000  00000 0000000000000000
Frame 0990    0000 000000003fefe7be  01101 0000000000000000  01101 0000000000000000
Frame 0991    0101 000000000721b800  00001 0000000000000000  00001 0000000000000000
Frame 0992    0001 00000000ccccff08  00001 0000000000000000  00001 0000000000000000
Frame 0993    0001 00000000ccccff08  00001 0000000000000000  00001 0000000000000000
Frame 0994    0001 0000000000000000  00001 0000000000000000  00001 0000000000000000
Frame 0995    0001 0000000000000000  00001 0000000000000000  00001 0000000000000000
Frame 0996    0001 0000000001c0001c  00001 0000000000000000  00001 0000000000000000
Frame 0997    0001 000000003ffee7fe  00000 0000000000000000  00000 0000000000000000
Frame 0998    0000 000000003ffee7fe  01101 0000000000000000  01101 0000000000000000
Frame 0999    0101 0000000003f11c00  00001 0000000000000000  00001 0000000000000000
Frame 1000    0001 00000000ccccff08  00001 0000000000000000  00001 0000000000000000
Frame 1001    0001 00000000ccccff08  00001 0000000000000000  00001 0000000000000000
Frame 1002    0001 0000000000000000  00001 0000000000000000  00001 0000000000000000
Frame 1003    0001 0000000001000410  00001 0000000000000000  00001 0000000000000000
Frame 1004    0001 0000000001c00018  00001 0000000000000000  00001 0000000000000000
Frame 1005    0001 000000003fffe7fe  00000 0000000000000000  00000 0000000000000000
Frame 1006    0000 000000003fffe7fe  01101 0000000000000000  01101 0000000000000000
Frame 1007    0101 0000000008a22c00  00001 0000000000000000  00001 0000000000000000
Frame 1008    0001 00000000ccccff08  00001 0000000000000000  00001 0000000000000000
Frame 1009    0001 00000000ccccff08  00001 0000000000000000  00001 0000000000000000
Frame 1010    0001 0000000000000000  00001 0000000000000000  00001 0000000000000000
Frame 1011    0001 0000000000000018  00001 0000000000000000  00001 0000000000000000
Frame 1012    0001 0000000001800018  00001 0000000000000000  00001 0000000000000000
Frame 1013    0001 000000001fffe7fe  00000 0000000000000000  00000 0000000000000000
Frame 1014    0000 000000001fffe7fe  01101 0000000000000000  01101 0000000000000000
Frame 1015    0101 0000000004411800  00001 0000000000000000  00001 0000000000000000
Frame 1016    0001 00000000ccccff08  00001 0000000000000000  00001 0000000000000000
Frame 1017    0001 00000000ccccff08  00001 0000000000000000  00001 0000000000000000
Frame 1018    0001 0000000000000000  00001 0000000000000000  00001 0000000000000000
Frame 1019    0001 0000000001000010  00001 0000000000000000  00001 0000000000000000
Frame 1020    0001 0000000001800018  00001 0000000000000000  00001 0000000000000000
Frame 1021    0001 000000007fffe7fe  00000 0000000000000000  00000 0000000000000000
Frame 1022    0000 000000007fffe7fe  01101 0000000000000000  01101 0000000000000000
Frame 1023    0101 0000000004311800  00001 0000000000000000  00001 0000000000000000
