       zcu link       hex link  
  ---  --------  ---  --------
   71  acccccc0   25  acccccc0
   72  acccccc0   26  acccccc0
   73  acccccc0   27  acccccc0
   74  c8d40000   28  c9d40000
   75  322a4000   29  322e4000
   76  a8c2c008   30  adc2c00c
   77  4111a      31  4151a   
   78  11100000   32  15100000
   79  11300000   33  11300000
   80  11c00000   34  11c00000
   81  11900000   35  11900000
   82  11900000   36  11900000
   83  12b00000   37  12b00000
   84  10f00000   38  10f00000
   85  13b00000   39  13b00000
   86  13900000   40  13900000
   87  10800000   41  10800000
   88  11f00000   42  11f00000
   89  13900000   43  13900000
   90  13100000   44  13100000
   91  10a00000   45  14a00000
   92  13700000   46  13700000
   93  10a00000   47  10a00000
   94  11400000   48  11400000
   95  13c00000   49  13c00000
   96  12700000   50  12700000
   97  10c00000   51  10c00000
   98  10700000   52  14700000
   99  12a00000   53  12a00000
  100  13100000   54  13100000
  101  11800000   55  11800000
  102  13c00000   56  13c00000
  103  12f00000   57  12f00000
  104  13600000   58  13600000
  105  13700000   59  13700000
  106  11200000   60  11200000
  107  12200000   61  12200000
  108  10b00000   62  14b00000
  109  12500000   63  12500000
  110  10d00000   64  10d00000
  111  10500000   65  10500000
  112  11a00000   66  11a00000
  113  13900000   67  13900000
  114  12900000   68  12900000
  115  a8c2c018   69  adc2c01c
  116  44519      70  4451d   
  117  12200000   71  12200000
  118  12b00000   72  12b00000
  119  12000000   73  12000000
  120  10600000   74  14600000
  121  12200000   75  12200000
  122  13a00000   76  13a00000
  123  10e00000   77  14e00000
  124  13200000   78  13200000
  125  11700000   79  11700000
  126  10100000   80  14100000
  127  13300000   81  13300000
  128  10b00000   82  14b00000
  129  11800000   83  11800000
  130  11500000   84  11500000
  131  10000000   85  14000000
  132  12100000   86  12100000
  133  12600000   87  12600000
  134  12700000   88  12700000
  135  13c00000   89  13c00000
  136  13f00000   90  13f00000
  137  12700000   91  12700000
  138  12300000   92  12300000
  139  12400000   93  12400000
  140  11e00000   94  11e00000
  141  11800000   95  11800000
  142  12100000   96  12100000
  143  11700000   97  11700000
  144  12600000   98  12600000
  145  13500000   99  13500000
  146  12700000  100  12700000
  147  12200000  101  12200000
  148  10c00000  102  14c00000
  149  12900000  103  12900000
  150  10b00000  104  10b00000
  151  13700000  105  13700000
  152  11b00000  106  15b00000
  153  13a00000  107  13a00000
  154  a8c2c028  108  adc2c02c
  155  4ac2a     109  4ad2e   
  156  12700000  110  12700000
  157  10800000  111  10800000
  158  ae00000   112  fe00000 
  159  13200000  113  13200000
  160  10a00000  114  10a00000
  161  11a00000  115  11a00000
  162  10100000  116  10100000
  163  10600000  117  10600000
  164  13100000  118  13100000
  165  12f00000  119  12f00000
  166  11b00000  120  11b00000
  167  13000000  121  13000000
  168  af00000   122  ff00000 
  169  11700000  123  11700000
  170  12a00000  124  12a00000
  171  10100000  125  10100000
  172  11d00000  126  11d00000
  173  12b00000  127  12b00000
  174  10f00000  128  10f00000
  175  11500000  129  11500000
  176  11d00000  130  11d00000
  177  a500000   131  f500000 
  178  11700000  132  11700000
  179  13100000  133  13100000
  180  13900000  134  13900000
  181  13100000  135  13100000
  182  12100000  136  12100000
  183  12600000  137  12600000
  184  11700000  138  11700000
  185  ab00000   139  fb00000 
  186  12000000  140  12000000
  187  ae00000   141  fe00000 
  188  12d00000  142  12d00000
  189  100000    143  100000  
  190  11300000  144  15300000
  191  100000    145  100000  
  192  11300000  146  11300000
  193  a8c2c038  147  adc2c03c
  194  43118     148  43518   
  195  10200000  149  14200000
  196  10e00000  150  10e00000
  197  12e00000  151  12e00000
  198  11300000  152  11300000
  199  13b00000  153  13b00000
  200  10500000  154  14500000
  201  13800000  155  13800000
  202  13900000  156  13900000
  203  10e00000  157  14e00000
  204  12e00000  158  12e00000
  205  12e00000  159  12e00000
  206  11700000  160  11700000
  207  12600000  161  12600000
  208  12900000  162  12900000
  209  10900000  163  14900000
  210  11a00000  164  11a00000
  211  12a00000  165  12a00000
  212  12b00000  166  12b00000
  213  100000    167  100000  
  214  12000000  168  12000000
  215  10e00000  169  10e00000
  216  11200000  170  11200000
  217  12800000  171  12800000
  218  10900000  172  10900000
  219  13600000  173  13600000
  220  13a00000  174  13a00000
  221  12100000  175  12100000
  222  12500000  176  12500000
  223  12300000  177  12300000
  224  12600000  178  12600000
  225  12a00000  179  12a00000
  226  10d00000  180  10d00000
  227  13600000  181  13600000
  228  13400000  182  13400000
  229  10f00000  183  10f00000
  230  12200000  184  12200000
  231  11b00000  185  11b00000
  232  a8c2c04c  186  adc2c04c
  233  49118     187  49518   
  234  13100000  188  13100000
  235  10200000  189  14200000
  236  13200000  190  13200000
  237  11d00000  191  15d00000
  238  12400000  192  12400000
  239  10900000  193  14900000
  240  10600000  194  14600000
  241  13900000  195  13900000
  242  13500000  196  13500000
  243  10000000  197  14000000
  244  12800000  198  12800000
  245  10000000  199  14000000
  246  10100000  200  14100000
  247  12600000  201  12600000
  248  10300000  202  14300000
  249  12700000  203  16700000
  250  11200000  204  15200000
  251  11c00000  205  11c00000
  252  13900000  206  13900000
  253  13b00000  207  13b00000
  254  11500000  208  15500000
  255  11f00000  209  11f00000
  256  12500000  210  12500000
  257  13400000  211  13400000
  258  11700000  212  15700000
  259  13300000  213  13300000
  260  13700000  214  13700000
  261  12900000  215  12900000
  262  af00000   216  ff00000 
  263  10e00000  217  14e00000
  264  12b00000  218  12b00000
  265  10300000  219  14300000
  266  13d00000  220  13d00000
  267  12900000  221  12900000
  268  13a00000  222  13a00000
  269  11300000  223  11300000
  270  11600000  224  11600000
  271  a8c2c05c  225  adc2c05c
  272  5442a     226  5452a   
  273  12100000  227  16100000
  274  11100000  228  15100000
  275  12100000  229  12100000
  276  12d00000  230  12d00000
  277  10200000  231  14200000
  278  100000    232  100000  
  279  10700000  233  14700000
  280  12300000  234  12300000
  281  12500000  235  16500000
  282  10d00000  236  14d00000
  283  12f00000  237  12f00000
  284  13100000  238  13100000
  285  12f00000  239  12f00000
  286  13300000  240  13300000
  287  10f00000  241  14f00000
  288  10700000  242  14700000
  289  12e00000  243  12e00000
  290  10800000  244  14800000
  291  13400000  245  13400000
  292  12e00000  246  12e00000
  293  13e00000  247  13e00000
  294  10800000  248  14800000
  295  10000000  249  14000000
  296  13500000  250  13500000
  297  12100000  251  12100000
  298  10e00000  252  14e00000
  299  13300000  253  13300000
  300  12100000  254  16100000
  301  11800000  255  11800000
  302  11500000  256  11500000
  303  11d00000  257  15d00000
  304  12200000  258  12200000
  305  12700000  259  12700000
  306  12c00000  260  12c00000
  307  10e00000  261  14e00000
  308  13b00000  262  13b00000
  309  10300000  263  14300000
  310  0         264  0       
  311  acccccc0  265  acccccc0

